500 500 23760
329 332 -9.304803602904803
332 329 -9.304803602904803
31 191 -8.592993664996174
191 31 -8.592993664996174
157 33 -1.780895884245341
33 157 -1.780895884245341
298 207 3.6386870034301033
207 298 3.6386870034301033
434 137 9.22103885362765
137 434 9.22103885362765
38 295 -1.7641824119157619
295 38 -1.7641824119157619
252 229 0.31704564589747086
229 252 0.31704564589747086
421 211 -9.736659643220886
211 421 -9.736659643220886
42 100 7.50742762949735
100 42 7.50742762949735
57 269 -1.3029476066245333
269 57 -1.3029476066245333
162 200 5.433330782701159
200 162 5.433330782701159
407 155 6.7036318595736155
155 407 6.7036318595736155
177 283 4.710325783806333
283 177 4.710325783806333
222 116 1.4893781981369507
116 222 1.4893781981369507
171 122 -8.21832023549991
122 171 -8.21832023549991
360 373 9.838863098960335
373 360 9.838863098960335
463 20 -3.387624834100005
20 463 -3.387624834100005
81 65 1.3510182209051607
65 81 1.3510182209051607
391 159 2.6365609412142383
159 391 2.6365609412142383
493 314 -9.175091877568544
314 493 -9.175091877568544
43 178 0.615160470486618
178 43 0.615160470486618
100 500 -4.401888576202291
500 100 -4.401888576202291
378 156 -3.5360201901135513
156 378 -3.5360201901135513
293 330 -9.669771308531077
330 293 -9.669771308531077
198 498 -4.081298080419149
498 198 -4.081298080419149
176 151 0.09901506224963619
151 176 0.09901506224963619
344 437 -7.549997149052068
437 344 -7.549997149052068
87 36 -8.975873298989644
36 87 -8.975873298989644
271 74 -4.557518465304408
74 271 -4.557518465304408
159 260 -1.8729428568233146
260 159 -1.8729428568233146
54 353 6.5507828022556644
353 54 6.5507828022556644
185 213 -2.8268033323133785
213 185 -2.8268033323133785
439 108 -6.399792093096687
108 439 -6.399792093096687
443 497 -7.959860728805221
497 443 -7.959860728805221
403 340 -0.12843958770643837
340 403 -0.12843958770643837
109 459 -8.408304117602112
459 109 -8.408304117602112
291 39 3.236881879626294
39 291 3.236881879626294
424 253 4.815282521026077
253 424 4.815282521026077
11 215 -9.172464298689654
215 11 -9.172464298689654
140 263 -0.6314852694675608
263 140 -0.6314852694675608
403 209 3.7774867379185615
209 403 3.7774867379185615
7 46 2.9872234564757285
46 7 2.9872234564757285
340 438 -7.688134476546189
438 340 -7.688134476546189
412 205 -3.1780476854797435
205 412 -3.1780476854797435
370 110 -0.6227080904155873
110 370 -0.6227080904155873
491 90 3.7102007684111182
90 491 3.7102007684111182
481 193 9.943010802876266
193 481 9.943010802876266
294 171 -3.070564101403905
171 294 -3.070564101403905
177 416 -0.9956884733263411
416 177 -0.9956884733263411
2 448 -8.072361368631311
448 2 -8.072361368631311
493 356 8.777543668382009
356 493 8.777543668382009
367 97 1.9845802331402655
97 367 1.9845802331402655
351 326 2.083270354161062
326 351 2.083270354161062
197 259 -9.937513002139609
259 197 -9.937513002139609
368 385 -7.4957410555880255
385 368 -7.4957410555880255
418 129 -7.440165269488402
129 418 -7.440165269488402
286 486 1.5257189883666538
486 286 1.5257189883666538
422 68 -9.045065401110705
68 422 -9.045065401110705
96 91 2.009316886589259
91 96 2.009316886589259
421 460 3.8461732551359056
460 421 3.8461732551359056
424 101 7.756712097123053
101 424 7.756712097123053
244 491 -7.136228484246621
491 244 -7.136228484246621
224 293 8.135861314912827
293 224 8.135861314912827
273 332 -7.231778371036198
332 273 -7.231778371036198
395 185 -6.327588656438225
185 395 -6.327588656438225
147 419 -9.342080092100558
419 147 -9.342080092100558
393 194 5.5526843752012915
194 393 5.5526843752012915
340 481 -3.8778125929229095
481 340 -3.8778125929229095
443 408 -7.8044915543894255
408 443 -7.8044915543894255
173 96 -6.4190737565271245
96 173 -6.4190737565271245
389 62 -3.523335931433234
62 389 -3.523335931433234
196 182 4.488264369810155
182 196 4.488264369810155
457 100 6.202119318268203
100 457 6.202119318268203
398 121 -3.889106486201288
121 398 -3.889106486201288
189 372 -6.828897751237488
372 189 -6.828897751237488
431 262 2.106529083056481
262 431 2.106529083056481
437 96 4.283319867789183
96 437 4.283319867789183
460 115 -2.028091445781108
115 460 -2.028091445781108
350 257 -0.0424963629975359
257 350 -0.0424963629975359
214 381 -1.0165163904343189
381 214 -1.0165163904343189
447 307 -3.8598743573229015
307 447 -3.8598743573229015
37 103 2.156148201738601
103 37 2.156148201738601
237 53 -0.197940362514192
53 237 -0.197940362514192
107 431 -2.7637738551633113
431 107 -2.7637738551633113
99 59 -7.9764385635539625
59 99 -7.9764385635539625
328 361 -5.721002053460071
361 328 -5.721002053460071
32 453 3.147638625158745
453 32 3.147638625158745
48 370 0.11220300110450054
370 48 0.11220300110450054
376 226 1.4389408406552668
226 376 1.4389408406552668
404 422 -4.783271177075122
422 404 -4.783271177075122
123 351 2.935603566894212
351 123 2.935603566894212
254 7 6.431105654839481
7 254 6.431105654839481
32 149 -1.1607713252569596
149 32 -1.1607713252569596
352 128 -3.4526309128637322
128 352 -3.4526309128637322
61 164 -2.7580389593738452
164 61 -2.7580389593738452
101 468 -5.765235033271461
468 101 -5.765235033271461
3 408 -7.551711568439723
408 3 -7.551711568439723
112 235 4.223175200431644
235 112 4.223175200431644
134 165 -8.572360418152716
165 134 -8.572360418152716
462 314 1.5157906627245659
314 462 1.5157906627245659
27 401 -0.026919670273187535
401 27 -0.026919670273187535
104 362 -3.0862625302014397
362 104 -3.0862625302014397
137 459 5.268023339558736
459 137 5.268023339558736
189 195 6.9817039372523055
195 189 6.9817039372523055
424 276 -8.580022246352705
276 424 -8.580022246352705
408 458 -3.999134081809106
458 408 -3.999134081809106
280 405 5.61958609769394
405 280 5.61958609769394
147 210 -7.498848963139753
210 147 -7.498848963139753
44 489 -2.365250712115836
489 44 -2.365250712115836
72 227 5.700666684830731
227 72 5.700666684830731
67 461 -0.01977297669973055
461 67 -0.01977297669973055
69 338 -7.445662358759608
338 69 -7.445662358759608
192 197 -7.520718683466148
197 192 -7.520718683466148
418 34 -2.4498984656645506
34 418 -2.4498984656645506
487 388 -1.55453841940081
388 487 -1.55453841940081
348 131 0.05802704982712825
131 348 0.05802704982712825
265 61 -6.512303505470866
61 265 -6.512303505470866
28 270 -5.266234771414437
270 28 -5.266234771414437
193 100 -3.3900621256322445
100 193 -3.3900621256322445
194 45 -3.564871742591837
45 194 -3.564871742591837
433 358 -8.077252478959043
358 433 -8.077252478959043
413 130 3.487023830516458
130 413 3.487023830516458
28 335 -3.6992537415843607
335 28 -3.6992537415843607
394 291 1.4494933307221878
291 394 1.4494933307221878
310 298 -7.947204134955486
298 310 -7.947204134955486
407 40 8.326053130810731
40 407 8.326053130810731
410 61 -9.120581702658763
61 410 -9.120581702658763
247 173 2.4428891327217492
173 247 2.4428891327217492
17 16 6.1429904126004224
16 17 6.1429904126004224
55 353 -5.822817941266882
353 55 -5.822817941266882
198 401 0.7096268034412017
401 198 0.7096268034412017
411 495 -5.247190704503019
495 411 -5.247190704503019
27 343 3.3612061682208143
343 27 3.3612061682208143
333 350 -8.571467158058066
350 333 -8.571467158058066
323 25 -6.373093313489429
25 323 -6.373093313489429
171 237 -4.214372418662238
237 171 -4.214372418662238
279 45 9.495043379608138
45 279 9.495043379608138
305 92 -8.294770678384353
92 305 -8.294770678384353
104 151 2.743165437508008
151 104 2.743165437508008
187 418 9.097199641623991
418 187 9.097199641623991
25 90 8.644584400177752
90 25 8.644584400177752
115 60 -3.9735117047809165
60 115 -3.9735117047809165
345 161 -1.0931364274945192
161 345 -1.0931364274945192
144 23 -2.1165145006310793
23 144 -2.1165145006310793
303 228 -0.8172746330895571
228 303 -0.8172746330895571
328 280 -6.263746005005119
280 328 -6.263746005005119
233 462 5.628884588100863
462 233 5.628884588100863
486 354 -8.643370796962536
354 486 -8.643370796962536
118 397 -5.685780201368527
397 118 -5.685780201368527
14 395 -0.19012275663265576
395 14 -0.19012275663265576
363 234 -1.3335563405188733
234 363 -1.3335563405188733
64 55 -0.10558512668872488
55 64 -0.10558512668872488
248 119 -6.543586011635673
119 248 -6.543586011635673
128 483 7.364521715751156
483 128 7.364521715751156
337 27 -6.913794404901131
27 337 -6.913794404901131
493 127 6.049692654523177
127 493 6.049692654523177
186 253 9.802013346302118
253 186 9.802013346302118
411 368 -6.917724322306893
368 411 -6.917724322306893
442 327 3.1372373141845085
327 442 3.1372373141845085
107 468 -0.9623912715669913
468 107 -0.9623912715669913
357 233 8.37638978173985
233 357 8.37638978173985
252 496 3.5883168236414438
496 252 3.5883168236414438
66 174 0.8320541376826931
174 66 0.8320541376826931
380 209 3.134664897163182
209 380 3.134664897163182
251 223 8.659167683573159
223 251 8.659167683573159
87 102 -2.0258276102310546
102 87 -2.0258276102310546
234 274 -9.947515420624981
274 234 -9.947515420624981
223 50 7.5591273433286545
50 223 7.5591273433286545
303 141 4.684925909706282
141 303 4.684925909706282
101 74 1.1146962993864449
74 101 1.1146962993864449
302 36 3.8229016514987713
36 302 3.8229016514987713
389 243 3.543361648098884
243 389 3.543361648098884
187 175 6.345976086636497
175 187 6.345976086636497
400 411 9.948530479101624
411 400 9.948530479101624
140 130 -9.56989520255317
130 140 -9.56989520255317
497 135 -2.4643506665064896
135 497 -2.4643506665064896
320 223 9.334312805204384
223 320 9.334312805204384
339 333 -8.407339095286746
333 339 -8.407339095286746
245 73 -1.5981312518149533
73 245 -1.5981312518149533
285 490 -6.165178803768767
490 285 -6.165178803768767
165 233 -1.894748059697335
233 165 -1.894748059697335
299 218 -2.4972397104765047
218 299 -2.4972397104765047
192 174 -5.0889446062252475
174 192 -5.0889446062252475
394 45 4.366068975933429
45 394 4.366068975933429
432 498 -9.141071548818731
498 432 -9.141071548818731
343 192 -0.39780102260496264
192 343 -0.39780102260496264
193 500 6.062387952276186
500 193 6.062387952276186
125 185 8.499753437267373
185 125 8.499753437267373
466 409 -9.036904382531453
409 466 -9.036904382531453
72 27 -0.22378812952023885
27 72 -0.22378812952023885
151 402 -3.8093110767969147
402 151 -3.8093110767969147
202 188 5.770101486612791
188 202 5.770101486612791
415 278 -6.225663609076417
278 415 -6.225663609076417
125 230 5.743847897944633
230 125 5.743847897944633
85 316 -7.303974897992756
316 85 -7.303974897992756
208 224 -4.514018421070687
224 208 -4.514018421070687
440 455 3.6924152789659193
455 440 3.6924152789659193
355 428 8.100155186653371
428 355 8.100155186653371
389 45 -2.9485613361710694
45 389 -2.9485613361710694
345 103 -7.985187135552422
103 345 -7.985187135552422
454 168 2.804297848778706
168 454 2.804297848778706
168 365 8.951321256609216
365 168 8.951321256609216
295 348 3.840215686191172
348 295 3.840215686191172
331 315 -5.481829885224605
315 331 -5.481829885224605
187 263 -7.6437169401078915
263 187 -7.6437169401078915
390 497 -7.474902479137684
497 390 -7.474902479137684
358 100 2.4196783788364424
100 358 2.4196783788364424
260 213 0.9094707679373553
213 260 0.9094707679373553
480 148 7.885424901033545
148 480 7.885424901033545
224 246 6.181731965146991
246 224 6.181731965146991
121 246 5.086408582379802
246 121 5.086408582379802
5 440 1.966176396195733
440 5 1.966176396195733
416 407 9.230403662494773
407 416 9.230403662494773
273 83 1.8417607524178337
83 273 1.8417607524178337
341 7 -6.047436126848613
7 341 -6.047436126848613
13 483 7.453843507062505
483 13 7.453843507062505
396 500 4.105660241152391
500 396 4.105660241152391
116 207 -7.9409101935034805
207 116 -7.9409101935034805
3 265 -9.042635844119607
265 3 -9.042635844119607
355 415 3.3412253241081924
415 355 3.3412253241081924
282 449 5.42242163584209
449 282 5.42242163584209
360 301 3.737153429707611
301 360 3.737153429707611
320 434 7.513178975345355
434 320 7.513178975345355
221 294 -3.886775864770284
294 221 -3.886775864770284
160 423 -6.023926775897888
423 160 -6.023926775897888
379 22 -4.634433480505242
22 379 -4.634433480505242
160 343 8.129759347760903
343 160 8.129759347760903
228 120 -7.032775984435244
120 228 -7.032775984435244
481 500 3.053155038563588
500 481 3.053155038563588
438 362 -9.409383193022716
362 438 -9.409383193022716
495 291 -2.812208701774641
291 495 -2.812208701774641
500 348 -8.420805705740154
348 500 -8.420805705740154
123 140 5.125547355057801
140 123 5.125547355057801
196 339 7.510880872588835
339 196 7.510880872588835
95 44 0.5625333761654545
44 95 0.5625333761654545
333 4 8.163762009956383
4 333 8.163762009956383
352 392 6.9433755272286355
392 352 6.9433755272286355
440 33 -4.708727417017144
33 440 -4.708727417017144
46 254 0.39027281524890967
254 46 0.39027281524890967
301 187 -8.338723214266235
187 301 -8.338723214266235
376 375 3.767287170773576
375 376 3.767287170773576
498 319 -4.852798284934385
319 498 -4.852798284934385
483 283 -5.951797613669296
283 483 -5.951797613669296
168 230 9.288860534991603
230 168 9.288860534991603
293 336 -6.525277379581917
336 293 -6.525277379581917
345 134 -1.8600161248887623
134 345 -1.8600161248887623
26 349 -0.1331667314953755
349 26 -0.1331667314953755
177 110 -0.4889646644144179
110 177 -0.4889646644144179
265 330 -7.933370961484765
330 265 -7.933370961484765
62 119 -5.7602493509619945
119 62 -5.7602493509619945
5 245 1.2717491279894926
245 5 1.2717491279894926
36 440 6.955359985244552
440 36 6.955359985244552
349 379 9.379959157501265
379 349 9.379959157501265
422 418 -7.7167708196813
418 422 -7.7167708196813
334 334 0.06439293505133215
5 151 1.1897865827425154
151 5 1.1897865827425154
20 407 1.7910737228715305
407 20 1.7910737228715305
291 395 3.201586748917043
395 291 3.201586748917043
328 442 -2.8986181270526368
442 328 -2.8986181270526368
321 406 -6.439645888422971
406 321 -6.439645888422971
344 182 -6.88500790886768
182 344 -6.88500790886768
376 93 7.074140431324022
93 376 7.074140431324022
450 149 4.4217343862303675
149 450 4.4217343862303675
166 279 5.562485877859402
279 166 5.562485877859402
69 264 1.2154005681662294
264 69 1.2154005681662294
339 410 8.954354278808644
410 339 8.954354278808644
139 324 7.000952451162455
324 139 7.000952451162455
161 119 2.029419515235393
119 161 2.029419515235393
365 316 3.3126509139578992
316 365 3.3126509139578992
341 223 5.677021119199937
223 341 5.677021119199937
89 44 3.6133009431040897
44 89 3.6133009431040897
5 409 -6.992466778379505
409 5 -6.992466778379505
217 464 -3.42552732657472
464 217 -3.42552732657472
133 115 -7.321004058709466
115 133 -7.321004058709466
450 193 -1.854786948115981
193 450 -1.854786948115981
22 435 2.749252891889695
435 22 2.749252891889695
74 316 3.679306323946662
316 74 3.679306323946662
64 251 3.649310203039825
251 64 3.649310203039825
34 343 -2.514599359510963
343 34 -2.514599359510963
300 484 7.793006061925048
484 300 7.793006061925048
238 246 -1.617123981435249
246 238 -1.617123981435249
25 57 0.5358995314947919
57 25 0.5358995314947919
260 263 -3.2514299002842932
263 260 -3.2514299002842932
270 366 0.9056861412429598
366 270 0.9056861412429598
127 459 -5.521865907442908
459 127 -5.521865907442908
357 322 2.150742352977362
322 357 2.150742352977362
362 385 -6.403459798974735
385 362 -6.403459798974735
66 387 3.255609739980418
387 66 3.255609739980418
417 120 -7.241468599972782
120 417 -7.241468599972782
113 75 9.302548701251787
75 113 9.302548701251787
429 231 3.0164281612291983
231 429 3.0164281612291983
261 185 -1.6308380580246151
185 261 -1.6308380580246151
219 250 4.01124146251499
250 219 4.01124146251499
209 208 6.5512297650174105
208 209 6.5512297650174105
484 255 4.8773542625018536
255 484 4.8773542625018536
150 292 5.296474983445808
292 150 5.296474983445808
164 19 -1.8590228341593367
19 164 -1.8590228341593367
447 176 -0.7566536095751726
176 447 -0.7566536095751726
425 316 3.952443273360542
316 425 3.952443273360542
22 488 -9.549874521077058
488 22 -9.549874521077058
348 219 -6.828831793524852
219 348 -6.828831793524852
177 482 -7.889557084386416
482 177 -7.889557084386416
188 171 7.517596038166285
171 188 7.517596038166285
292 400 -4.484908412691548
400 292 -4.484908412691548
120 46 1.780397624985774
46 120 1.780397624985774
117 132 3.9914110548949786
132 117 3.9914110548949786
213 381 9.6759344520996
381 213 9.6759344520996
256 287 -4.954110418893778
287 256 -4.954110418893778
266 348 4.53763980792106
348 266 4.53763980792106
115 248 -4.765944254041403
248 115 -4.765944254041403
95 223 2.593330625768166
223 95 2.593330625768166
437 171 -6.522560631168477
171 437 -6.522560631168477
493 25 7.0060886746129505
25 493 7.0060886746129505
190 5 1.3595198854315953
5 190 1.3595198854315953
346 176 -7.721199668192529
176 346 -7.721199668192529
200 32 -6.945318071534697
32 200 -6.945318071534697
99 484 2.534177383061847
484 99 2.534177383061847
494 205 -4.057516821679927
205 494 -4.057516821679927
374 309 6.412949859113304
309 374 6.412949859113304
466 71 -2.7992330800459637
71 466 -2.7992330800459637
327 475 6.900464861870116
475 327 6.900464861870116
120 493 9.100624268126541
493 120 9.100624268126541
478 326 -5.14936516083174
326 478 -5.14936516083174
441 364 -9.78125576687449
364 441 -9.78125576687449
20 156 -6.24411005895184
156 20 -6.24411005895184
269 495 4.193593230302216
495 269 4.193593230302216
200 104 -1.164052135056517
104 200 -1.164052135056517
54 165 -4.038685339054036
165 54 -4.038685339054036
188 325 -7.709847401669743
325 188 -7.709847401669743
1 330 -0.5446275171524171
330 1 -0.5446275171524171
156 494 -4.195085794183722
494 156 -4.195085794183722
1 339 -6.794170733379071
339 1 -6.794170733379071
88 321 1.9372670992095458
321 88 1.9372670992095458
415 314 -5.200635146598809
314 415 -5.200635146598809
8 360 -7.806547576420277
360 8 -7.806547576420277
150 352 -4.78701203033594
352 150 -4.78701203033594
350 350 5.756225578733222
152 145 -5.951876480571836
145 152 -5.951876480571836
374 230 -0.9115231354638968
230 374 -0.9115231354638968
140 422 -9.214259000625706
422 140 -9.214259000625706
4 165 3.1675698784155752
165 4 3.1675698784155752
187 194 4.780984936332642
194 187 4.780984936332642
78 186 3.914886031202327
186 78 3.914886031202327
360 438 6.871175496182278
438 360 6.871175496182278
54 307 3.651194688067987
307 54 3.651194688067987
71 129 2.610547326022509
129 71 2.610547326022509
317 452 -2.0967043986376677
452 317 -2.0967043986376677
107 375 6.886275689676534
375 107 6.886275689676534
211 466 -9.597490769954707
466 211 -9.597490769954707
78 146 4.273860412126913
146 78 4.273860412126913
22 72 -2.935199473240244
72 22 -2.935199473240244
177 426 2.5162375114646256
426 177 2.5162375114646256
210 313 -3.952540259346944
313 210 -3.952540259346944
208 53 1.2555208797881576
53 208 1.2555208797881576
295 13 -7.877816313640396
13 295 -7.877816313640396
4 106 -9.751493208253823
106 4 -9.751493208253823
114 379 -8.835446948280794
379 114 -8.835446948280794
425 85 -1.4602836360054194
85 425 -1.4602836360054194
406 210 -0.9336850197250399
210 406 -0.9336850197250399
438 411 -0.6734198315826525
411 438 -0.6734198315826525
32 201 -6.105458476994086
201 32 -6.105458476994086
245 185 9.755623073604987
185 245 9.755623073604987
41 118 3.4108095894131836
118 41 3.4108095894131836
254 19 -9.759725584626096
19 254 -9.759725584626096
157 448 -8.868872684494457
448 157 -8.868872684494457
369 460 1.899745371132468
460 369 1.899745371132468
386 342 8.861396194138116
342 386 8.861396194138116
100 185 0.18630916646472784
185 100 0.18630916646472784
369 3 3.4591471361132378
3 369 3.4591471361132378
217 386 -3.172383698403223
386 217 -3.172383698403223
281 439 6.3302580898482645
439 281 6.3302580898482645
389 444 8.443256426876992
444 389 8.443256426876992
325 178 0.8803445767782936
178 325 0.8803445767782936
475 369 9.551658655451188
369 475 9.551658655451188
361 489 3.768492454543427
489 361 3.768492454543427
52 232 -1.699208505887606
232 52 -1.699208505887606
276 220 -9.30196714532374
220 276 -9.30196714532374
133 174 1.2601568725239094
174 133 1.2601568725239094
69 343 -0.8165885958282377
343 69 -0.8165885958282377
63 376 -2.748014647627244
376 63 -2.748014647627244
121 60 5.117329957054357
60 121 5.117329957054357
421 217 -1.6886818891855668
217 421 -1.6886818891855668
100 392 -5.563930041858825
392 100 -5.563930041858825
46 433 9.338964654397689
433 46 9.338964654397689
346 109 -6.989688332281368
109 346 -6.989688332281368
5 199 9.98407541669853
199 5 9.98407541669853
240 395 0.28425958939969576
395 240 0.28425958939969576
167 348 -7.579987868339071
348 167 -7.579987868339071
482 464 -9.39955138617195
464 482 -9.39955138617195
129 452 7.801399400666892
452 129 7.801399400666892
190 179 8.793250644244438
179 190 8.793250644244438
46 415 -0.8916907293149752
415 46 -0.8916907293149752
211 347 -2.046237332556055
347 211 -2.046237332556055
351 494 8.22751128658187
494 351 8.22751128658187
60 303 6.119840394701711
303 60 6.119840394701711
438 264 -1.0195015789829895
264 438 -1.0195015789829895
218 340 4.42917008439955
340 218 4.42917008439955
94 441 3.3134058988737003
441 94 3.3134058988737003
450 236 -3.548065817338612
236 450 -3.548065817338612
159 224 -7.6270020487284125
224 159 -7.6270020487284125
213 162 -7.46908245250526
162 213 -7.46908245250526
300 422 3.8187884352180372
422 300 3.8187884352180372
70 365 6.098536990358507
365 70 6.098536990358507
100 172 0.2381190254962906
172 100 0.2381190254962906
42 389 -0.05914318831908183
389 42 -0.05914318831908183
418 370 2.9986852298793725
370 418 2.9986852298793725
94 244 3.539795000099744
244 94 3.539795000099744
142 278 9.341534523553861
278 142 9.341534523553861
292 75 -3.7813790300839267
75 292 -3.7813790300839267
8 314 1.7911818756967275
314 8 1.7911818756967275
410 314 4.146133650368686
314 410 4.146133650368686
128 410 -5.140801130533552
410 128 -5.140801130533552
455 48 1.0432404686008194
48 455 1.0432404686008194
188 415 -4.379834981474573
415 188 -4.379834981474573
242 191 7.556497220694762
191 242 7.556497220694762
323 408 4.8540092999860835
408 323 4.8540092999860835
246 222 -4.607744177297322
222 246 -4.607744177297322
400 319 -4.112088370289118
319 400 -4.112088370289118
151 292 -1.2588678282694374
292 151 -1.2588678282694374
4 277 9.762506347377723
277 4 9.762506347377723
498 287 1.282874263605894
287 498 1.282874263605894
105 480 8.953245713896646
480 105 8.953245713896646
2 249 4.905379633226234
249 2 4.905379633226234
96 477 -9.436265525077445
477 96 -9.436265525077445
235 176 6.79909563099714
176 235 6.79909563099714
289 344 -6.019553606121455
344 289 -6.019553606121455
424 216 -6.7913515276176195
216 424 -6.7913515276176195
29 191 2.1474703882647717
191 29 2.1474703882647717
279 322 0.40587077992020504
322 279 0.40587077992020504
254 356 4.680497733846581
356 254 4.680497733846581
273 20 -3.227199895029198
20 273 -3.227199895029198
415 467 5.709120843127867
467 415 5.709120843127867
53 277 -2.128040456240388
277 53 -2.128040456240388
152 399 -4.244792610246941
399 152 -4.244792610246941
174 22 -5.2364806846308625
22 174 -5.2364806846308625
413 267 -0.9055044408693824
267 413 -0.9055044408693824
375 211 3.732570671247508
211 375 3.732570671247508
406 298 -5.110190244394848
298 406 -5.110190244394848
209 44 -3.2619318855098944
44 209 -3.2619318855098944
500 367 4.542580197434983
367 500 4.542580197434983
308 148 -0.19741586471303307
148 308 -0.19741586471303307
228 390 6.8424035103475696
390 228 6.8424035103475696
491 428 -3.2227587593324936
428 491 -3.2227587593324936
305 61 -1.8568052559035557
61 305 -1.8568052559035557
87 414 3.144815919822525
414 87 3.144815919822525
100 270 -8.883335154801786
270 100 -8.883335154801786
447 422 -8.799269977346443
422 447 -8.799269977346443
355 123 -2.942692660298687
123 355 -2.942692660298687
465 19 -2.2996053140003063
19 465 -2.2996053140003063
493 97 6.079175461617844
97 493 6.079175461617844
204 352 -4.391843165023719
352 204 -4.391843165023719
271 180 -2.305247804781583
180 271 -2.305247804781583
136 230 -3.3387593327827574
230 136 -3.3387593327827574
411 62 0.9768321605604804
62 411 0.9768321605604804
357 483 -7.59874922451468
483 357 -7.59874922451468
48 373 -4.159765551617014
373 48 -4.159765551617014
459 238 -4.405019370901551
238 459 -4.405019370901551
38 423 9.444980895300748
423 38 9.444980895300748
192 115 -8.944466652170235
115 192 -8.944466652170235
497 275 -7.910857852067348
275 497 -7.910857852067348
414 342 -5.684321895848415
342 414 -5.684321895848415
173 394 -9.828659794446367
394 173 -9.828659794446367
421 405 -3.832788336945823
405 421 -3.832788336945823
470 394 -0.7859256421794889
394 470 -0.7859256421794889
303 79 -8.389244701133729
79 303 -8.389244701133729
427 245 7.8826415053325185
245 427 7.8826415053325185
252 333 6.865434400688947
333 252 6.865434400688947
233 272 -0.5480530590289874
272 233 -0.5480530590289874
378 15 2.56169009109483
15 378 2.56169009109483
294 309 6.460188813974696
309 294 6.460188813974696
217 122 -6.059073853137857
122 217 -6.059073853137857
154 452 2.3919800536594487
452 154 2.3919800536594487
215 150 -5.644298167611748
150 215 -5.644298167611748
412 399 -9.970657850515428
399 412 -9.970657850515428
286 307 -3.9795571561039615
307 286 -3.9795571561039615
142 266 4.793232186715512
266 142 4.793232186715512
384 249 -3.59429287392115
249 384 -3.59429287392115
74 438 -4.829142990278941
438 74 -4.829142990278941
338 122 -0.06221754874702867
122 338 -0.06221754874702867
281 361 -2.4048581254813906
361 281 -2.4048581254813906
394 402 5.560670892102234
402 394 5.560670892102234
311 402 -7.079599593023309
402 311 -7.079599593023309
82 475 -0.12292885569365986
475 82 -0.12292885569365986
139 429 -5.3019482918887135
429 139 -5.3019482918887135
101 163 -6.117371917597822
163 101 -6.117371917597822
451 381 3.127791235478295
381 451 3.127791235478295
339 325 -3.9346708499957517
325 339 -3.9346708499957517
147 462 6.821156798985669
462 147 6.821156798985669
333 180 7.039753960853766
180 333 7.039753960853766
404 386 7.00760104674184
386 404 7.00760104674184
301 415 -6.3632274775633135
415 301 -6.3632274775633135
394 393 -0.08878581072879932
393 394 -0.08878581072879932
304 455 4.1122942924749175
455 304 4.1122942924749175
247 208 6.925650237142506
208 247 6.925650237142506
350 493 8.089366146809478
493 350 8.089366146809478
419 385 -7.438188541480269
385 419 -7.438188541480269
39 438 -6.217742721676505
438 39 -6.217742721676505
293 340 8.99369404006238
340 293 8.99369404006238
324 85 4.272608944048011
85 324 4.272608944048011
183 7 1.4981703634339123
7 183 1.4981703634339123
307 210 0.6028806340854249
210 307 0.6028806340854249
328 152 3.953483077654049
152 328 3.953483077654049
190 473 -2.1144849111155706
473 190 -2.1144849111155706
270 187 1.168754051526573
187 270 1.168754051526573
395 479 4.162490357947586
479 395 4.162490357947586
477 112 4.235598385211137
112 477 4.235598385211137
391 99 -5.886730301728765
99 391 -5.886730301728765
421 114 -6.987539528452289
114 421 -6.987539528452289
266 227 0.5252821664569751
227 266 0.5252821664569751
413 264 9.206440534083942
264 413 9.206440534083942
263 18 -1.5926090277498304
18 263 -1.5926090277498304
491 412 4.739023890024374
412 491 4.739023890024374
337 134 3.4383395305471005
134 337 3.4383395305471005
108 186 -8.0714447953547
186 108 -8.0714447953547
10 250 -9.787947107386703
250 10 -9.787947107386703
81 208 9.633108506551903
208 81 9.633108506551903
216 219 -5.640522311786911
219 216 -5.640522311786911
10 197 9.705648817235208
197 10 9.705648817235208
190 254 -5.884159625551629
254 190 -5.884159625551629
114 189 8.89265336770411
189 114 8.89265336770411
202 394 1.839553827487915
394 202 1.839553827487915
152 9 8.326095215518556
9 152 8.326095215518556
220 456 -4.999978666140105
456 220 -4.999978666140105
217 308 -1.6259668397851197
308 217 -1.6259668397851197
299 189 -6.318433459044799
189 299 -6.318433459044799
48 248 2.4518040829099768
248 48 2.4518040829099768
88 174 9.311786888561318
174 88 9.311786888561318
495 433 1.6352446031806185
433 495 1.6352446031806185
245 1 1.782171604797698
1 245 1.782171604797698
26 456 -4.905526329430958
456 26 -4.905526329430958
238 370 3.3831296292827595
370 238 3.3831296292827595
405 142 -2.229031290151764
142 405 -2.229031290151764
70 217 7.782703425223879
217 70 7.782703425223879
22 450 2.011115628040045
450 22 2.011115628040045
388 163 4.271886698250171
163 388 4.271886698250171
292 446 -6.092252331630288
446 292 -6.092252331630288
333 153 9.25774917485277
153 333 9.25774917485277
15 168 5.762746702881758
168 15 5.762746702881758
449 401 -3.40065020975457
401 449 -3.40065020975457
230 294 2.934909266218604
294 230 2.934909266218604
496 446 6.709230590666692
446 496 6.709230590666692
145 356 9.80496438230794
356 145 9.80496438230794
227 434 7.352894983811602
434 227 7.352894983811602
133 271 1.9761719000155615
271 133 1.9761719000155615
309 476 5.783237500022684
476 309 5.783237500022684
353 186 -8.722292688028507
186 353 -8.722292688028507
438 293 8.2485749774957
293 438 8.2485749774957
311 140 6.601176474685452
140 311 6.601176474685452
398 460 -9.590737002695171
460 398 -9.590737002695171
203 99 -8.81548265923879
99 203 -8.81548265923879
19 488 -7.750139390993165
488 19 -7.750139390993165
181 296 5.874923453940244
296 181 5.874923453940244
472 448 -5.771325633229121
448 472 -5.771325633229121
292 94 -3.225424307497695
94 292 -3.225424307497695
463 475 3.677609698550512
475 463 3.677609698550512
311 236 -7.9456331195688445
236 311 -7.9456331195688445
383 288 4.982417587619217
288 383 4.982417587619217
414 160 -2.2214766843928917
160 414 -2.2214766843928917
32 246 7.675606698414018
246 32 7.675606698414018
305 447 4.333612469380526
447 305 4.333612469380526
387 64 3.262799257532185
64 387 3.262799257532185
58 412 7.045434058396648
412 58 7.045434058396648
421 396 -5.606648486556212
396 421 -5.606648486556212
394 401 -3.2941544100658504
401 394 -3.2941544100658504
194 488 9.116955166452236
488 194 9.116955166452236
370 452 -3.951711977666945
452 370 -3.951711977666945
35 466 -2.6306116430263664
466 35 -2.6306116430263664
50 9 -4.015959294805052
9 50 -4.015959294805052
131 306 -5.0033995280759775
306 131 -5.0033995280759775
49 474 -2.101425935115886
474 49 -2.101425935115886
66 146 -3.0228615705234336
146 66 -3.0228615705234336
392 223 2.9091826363925666
223 392 2.9091826363925666
441 118 -8.229280021178129
118 441 -8.229280021178129
242 395 2.6247106565950844
395 242 2.6247106565950844
4 175 -4.309095734756266
175 4 -4.309095734756266
334 415 3.3131123637421016
415 334 3.3131123637421016
69 182 3.133324397781081
182 69 3.133324397781081
27 463 -4.853118117884874
463 27 -4.853118117884874
104 134 4.116929207092019
134 104 4.116929207092019
123 451 -8.583052161620767
451 123 -8.583052161620767
274 205 3.615977354713504
205 274 3.615977354713504
73 466 1.2435911069027235
466 73 1.2435911069027235
325 387 0.7203939757998654
387 325 0.7203939757998654
374 264 4.694668084585471
264 374 4.694668084585471
165 194 8.01642770116424
194 165 8.01642770116424
399 338 9.68513025640117
338 399 9.68513025640117
256 52 -7.674166314636793
52 256 -7.674166314636793
31 334 2.9179135314786606
334 31 2.9179135314786606
371 275 4.299446196566116
275 371 4.299446196566116
210 60 4.713041020497087
60 210 4.713041020497087
301 14 1.418938604591835
14 301 1.418938604591835
44 441 -7.9426335860009605
441 44 -7.9426335860009605
81 150 1.985610076406509
150 81 1.985610076406509
348 24 -6.702592562910638
24 348 -6.702592562910638
323 246 -9.225743212576493
246 323 -9.225743212576493
478 374 -0.5676358498172807
374 478 -0.5676358498172807
394 104 9.859890246944246
104 394 9.859890246944246
371 202 7.784882428094118
202 371 7.784882428094118
299 331 1.5773614438297745
331 299 1.5773614438297745
210 57 -9.94091700173069
57 210 -9.94091700173069
472 398 -3.0389540568994438
398 472 -3.0389540568994438
365 345 -2.020486677601352
345 365 -2.020486677601352
121 307 -9.584163739457788
307 121 -9.584163739457788
296 7 -1.645163267411343
7 296 -1.645163267411343
404 70 -6.846769752790007
70 404 -6.846769752790007
180 202 8.74866150947846
202 180 8.74866150947846
244 341 5.233958067484439
341 244 5.233958067484439
388 420 -3.881523945586207
420 388 -3.881523945586207
356 399 4.072581275755702
399 356 4.072581275755702
444 299 -9.994309058425124
299 444 -9.994309058425124
247 129 1.5052788122217748
129 247 1.5052788122217748
149 351 0.9500259406423144
351 149 0.9500259406423144
220 271 1.6430504667022294
271 220 1.6430504667022294
4 290 8.985831790757807
290 4 8.985831790757807
398 228 7.152148687854147
228 398 7.152148687854147
241 254 -5.6365838003764175
254 241 -5.6365838003764175
8 57 6.8357406099780675
57 8 6.8357406099780675
320 96 -7.565755857053713
96 320 -7.565755857053713
307 92 8.463792518010997
92 307 8.463792518010997
222 249 -9.899659510612668
249 222 -9.899659510612668
243 127 -3.9181716113729914
127 243 -3.9181716113729914
293 453 7.2226904327644235
453 293 7.2226904327644235
19 227 9.876516639627372
227 19 9.876516639627372
280 280 -5.173326739909401
118 387 5.9808037105591225
387 118 5.9808037105591225
253 217 -9.615286698569225
217 253 -9.615286698569225
137 56 2.996347541482038
56 137 2.996347541482038
491 474 2.8601971592627393
474 491 2.8601971592627393
374 405 -9.835219024407378
405 374 -9.835219024407378
382 486 4.595081719189496
486 382 4.595081719189496
4 198 -7.5101839812139115
198 4 -7.5101839812139115
450 197 5.436026683636811
197 450 5.436026683636811
182 4 -7.131976391979333
4 182 -7.131976391979333
108 428 8.861031481613935
428 108 8.861031481613935
235 219 -3.7556840661478024
219 235 -3.7556840661478024
117 190 5.306657119415783
190 117 5.306657119415783
122 352 -0.32592836653576285
352 122 -0.32592836653576285
454 478 -2.985598138990251
478 454 -2.985598138990251
224 175 3.769125168265763
175 224 3.769125168265763
118 47 7.028397972386376
47 118 7.028397972386376
74 465 -5.160429167815678
465 74 -5.160429167815678
211 409 -4.7947456727774185
409 211 -4.7947456727774185
358 381 0.8200367309346017
381 358 0.8200367309346017
97 436 3.3749817160557978
436 97 3.3749817160557978
491 391 -9.421914099262034
391 491 -9.421914099262034
378 220 -6.602895616026805
220 378 -6.602895616026805
456 234 8.172691246826144
234 456 8.172691246826144
347 378 9.011692408918531
378 347 9.011692408918531
86 271 -0.1949127532900068
271 86 -0.1949127532900068
30 247 -3.9419398292171604
247 30 -3.9419398292171604
81 47 -2.333668401331474
47 81 -2.333668401331474
378 93 2.947768822074213
93 378 2.947768822074213
166 35 -4.7726141312088295
35 166 -4.7726141312088295
118 328 -5.272229805400945
328 118 -5.272229805400945
269 425 9.120772930500934
425 269 9.120772930500934
427 442 -0.5345178033230518
442 427 -0.5345178033230518
220 350 8.467911990539093
350 220 8.467911990539093
201 8 9.908893964058972
8 201 9.908893964058972
480 124 -4.768017520398022
124 480 -4.768017520398022
214 350 2.6514591144065527
350 214 2.6514591144065527
119 341 5.361531838006268
341 119 5.361531838006268
453 360 4.677798856678589
360 453 4.677798856678589
383 125 -2.251509980678774
125 383 -2.251509980678774
19 421 -2.3424845378706323
421 19 -2.3424845378706323
431 499 4.081037155551368
499 431 4.081037155551368
334 216 0.18463887629815723
216 334 0.18463887629815723
350 56 3.964157503679216
56 350 3.964157503679216
14 105 -4.238413104724241
105 14 -4.238413104724241
107 270 -4.418117812551074
270 107 -4.418117812551074
391 299 4.875764627657663
299 391 4.875764627657663
391 395 -5.886620843537232
395 391 -5.886620843537232
181 142 1.4341707969647182
142 181 1.4341707969647182
468 473 -7.416029089805944
473 468 -7.416029089805944
243 124 -4.320306100359417
124 243 -4.320306100359417
434 239 -4.690029626793725
239 434 -4.690029626793725
117 233 -3.2305143500674793
233 117 -3.2305143500674793
416 179 8.464881235878057
179 416 8.464881235878057
57 132 -8.839613833589208
132 57 -8.839613833589208
304 330 -1.2702534139822568
330 304 -1.2702534139822568
214 486 -4.165344232298114
486 214 -4.165344232298114
188 351 8.654943378968134
351 188 8.654943378968134
162 299 2.1949154762655567
299 162 2.1949154762655567
236 40 6.80281832643394
40 236 6.80281832643394
367 409 -4.419065660561556
409 367 -4.419065660561556
74 474 7.424982754007264
474 74 7.424982754007264
297 70 0.4848391264800096
70 297 0.4848391264800096
407 119 3.671469204923927
119 407 3.671469204923927
16 238 -9.267815683423601
238 16 -9.267815683423601
385 499 -6.792271623386615
499 385 -6.792271623386615
312 367 2.5671268994185503
367 312 2.5671268994185503
212 32 4.621841444545927
32 212 4.621841444545927
68 254 -5.062139354255297
254 68 -5.062139354255297
143 258 -3.2987094859802895
258 143 -3.2987094859802895
414 350 -9.925790828291083
350 414 -9.925790828291083
138 309 9.186284884689936
309 138 9.186284884689936
120 271 3.887502508152185
271 120 3.887502508152185
381 46 -1.6458781374178635
46 381 -1.6458781374178635
348 194 -4.2075793277231295
194 348 -4.2075793277231295
417 205 -8.26270805946045
205 417 -8.26270805946045
19 232 -7.593588774201754
232 19 -7.593588774201754
92 277 -2.8497133164020783
277 92 -2.8497133164020783
132 279 3.1080348555555215
279 132 3.1080348555555215
212 39 3.5631965246416364
39 212 3.5631965246416364
132 399 5.332230279729494
399 132 5.332230279729494
98 12 -9.52781366931579
12 98 -9.52781366931579
69 113 -2.835963198019442
113 69 -2.835963198019442
161 219 9.586753181197633
219 161 9.586753181197633
146 271 7.278938624761125
271 146 7.278938624761125
197 4 4.4550694437767735
4 197 4.4550694437767735
36 249 0.8562194132307397
249 36 0.8562194132307397
71 105 -2.931351279998924
105 71 -2.931351279998924
21 196 0.2665298855654523
196 21 0.2665298855654523
12 352 -5.269578726337423
352 12 -5.269578726337423
166 47 -8.804233020353887
47 166 -8.804233020353887
477 251 7.465782915471031
251 477 7.465782915471031
494 380 9.761191812376111
380 494 9.761191812376111
328 181 3.409995895949386
181 328 3.409995895949386
477 193 4.333321537079433
193 477 4.333321537079433
108 447 -3.6520138564410214
447 108 -3.6520138564410214
20 415 -0.3525250717469035
415 20 -0.3525250717469035
44 453 8.033649264825367
453 44 8.033649264825367
311 442 4.520208991675332
442 311 4.520208991675332
202 164 5.71179728307056
164 202 5.71179728307056
410 256 -4.09933865976228
256 410 -4.09933865976228
317 122 -1.209338858857885
122 317 -1.209338858857885
133 156 -5.528280085888701
156 133 -5.528280085888701
284 228 -1.354965036766762
228 284 -1.354965036766762
395 477 -5.9165871639636975
477 395 -5.9165871639636975
181 146 -5.592702084534238
146 181 -5.592702084534238
260 272 -9.700465592337299
272 260 -9.700465592337299
20 18 -4.588723889709508
18 20 -4.588723889709508
239 251 4.56074760170026
251 239 4.56074760170026
350 416 9.12069758249277
416 350 9.12069758249277
451 195 -7.717790059806367
195 451 -7.717790059806367
316 8 2.3153199780151112
8 316 2.3153199780151112
151 309 -3.84141284682467
309 151 -3.84141284682467
404 326 -1.0075725537000757
326 404 -1.0075725537000757
360 457 0.023743159213866605
457 360 0.023743159213866605
99 136 -0.21535182639376593
136 99 -0.21535182639376593
197 216 -6.140213975580664
216 197 -6.140213975580664
33 254 -0.17565439220520496
254 33 -0.17565439220520496
73 476 -5.7690343070419825
476 73 -5.7690343070419825
488 306 8.945668772790118
306 488 8.945668772790118
10 83 -8.680591357875326
83 10 -8.680591357875326
127 311 -1.0608332728941257
311 127 -1.0608332728941257
491 446 -1.2349203417941208
446 491 -1.2349203417941208
389 79 -2.147863871821314
79 389 -2.147863871821314
305 397 8.438956498375504
397 305 8.438956498375504
408 43 -0.8450689278892565
43 408 -0.8450689278892565
427 181 0.9360288121946336
181 427 0.9360288121946336
445 495 -6.06566055925123
495 445 -6.06566055925123
125 64 -5.314674907267545
64 125 -5.314674907267545
14 479 -9.087172310284044
479 14 -9.087172310284044
376 393 6.016032120848617
393 376 6.016032120848617
347 228 5.506940608692776
228 347 5.506940608692776
244 249 1.0159069781933638
249 244 1.0159069781933638
278 282 -6.302966307123055
282 278 -6.302966307123055
157 395 -3.1871730585774216
395 157 -3.1871730585774216
