100 100 953
53 30 -0.13493407110062705
30 53 -0.13493407110062705
23 51 -8.584499427968291
51 23 -8.584499427968291
94 36 2.3979419586376807
36 94 2.3979419586376807
30 95 -2.442539536146131
95 30 -2.442539536146131
64 80 -4.22823896373139
80 64 -4.22823896373139
94 25 -6.306743527348555
25 94 -6.306743527348555
92 13 -5.473088861981205
13 92 -5.473088861981205
53 28 -4.480758476491156
28 53 -4.480758476491156
48 35 9.7354407590663
35 48 9.7354407590663
27 41 9.256224553245616
41 27 9.256224553245616
100 51 6.669725842354357
51 100 6.669725842354357
96 75 3.751702127632271
75 96 3.751702127632271
17 81 -4.043622466811123
81 17 -4.043622466811123
58 20 1.2014658407585959
20 58 1.2014658407585959
23 96 6.102471630840554
96 23 6.102471630840554
99 56 2.356001734014683
56 99 2.356001734014683
47 84 -2.9727425288526916
84 47 -2.9727425288526916
67 39 -7.309249840195841
39 67 -7.309249840195841
40 55 -4.783775060380469
55 40 -4.783775060380469
27 23 1.0004978532105184
23 27 1.0004978532105184
87 51 -1.8844527360177654
51 87 -1.8844527360177654
31 12 -8.498117691878715
12 31 -8.498117691878715
62 67 7.289246597173719
67 62 7.289246597173719
38 69 -9.575095636770515
69 38 -9.575095636770515
37 72 -7.841325935933751
72 37 -7.841325935933751
59 52 -2.5879210373567467
52 59 -2.5879210373567467
73 21 3.3476090841807924
21 73 3.3476090841807924
70 17 -6.413578639609447
17 70 -6.413578639609447
48 77 -8.931390250725308
77 48 -8.931390250725308
11 66 -1.053810840021761
66 11 -1.053810840021761
46 44 -4.918661910057967
44 46 -4.918661910057967
61 63 8.725012821658172
63 61 8.725012821658172
88 55 9.780318906440854
55 88 9.780318906440854
78 73 4.53648630041771
73 78 4.53648630041771
65 56 5.305843183093479
56 65 5.305843183093479
80 1 4.545076774474349
1 80 4.545076774474349
64 52 -5.9327719783841
52 64 -5.9327719783841
63 79 -5.929395411373386
79 63 -5.929395411373386
1 73 -6.4102080435306
73 1 -6.4102080435306
7 16 -6.1152684175424525
16 7 -6.1152684175424525
41 66 -4.361804568552414
66 41 -4.361804568552414
57 29 -7.984284842156171
29 57 -7.984284842156171
37 79 -1.4310995168272989
79 37 -1.4310995168272989
36 13 -0.12727895598446537
13 36 -0.12727895598446537
5 17 2.7418198020040467
17 5 2.7418198020040467
11 10 1.2809967192525047
10 11 1.2809967192525047
19 15 -2.2460637732029536
15 19 -2.2460637732029536
92 81 -1.4394881238252921
81 92 -1.4394881238252921
88 60 6.731991655167896
60 88 6.731991655167896
61 83 6.605312491385256
83 61 6.605312491385256
85 14 -0.7616572759432785
14 85 -0.7616572759432785
97 37 8.696723944136508
37 97 8.696723944136508
8 23 -0.0007696622989623592
23 8 -0.0007696622989623592
85 34 -9.50769926642675
34 85 -9.50769926642675
92 82 -5.198638258116786
82 92 -5.198638258116786
60 99 1.8489500880160108
99 60 1.8489500880160108
97 27 -3.838074023397702
27 97 -3.838074023397702
25 67 3.2875128344867743
67 25 3.2875128344867743
94 88 0.7314075602191252
88 94 0.7314075602191252
37 21 -5.475011578331275
21 37 -5.475011578331275
8 36 -1.5162223930320309
36 8 -1.5162223930320309
3 55 -8.158061826281909
55 3 -8.158061826281909
79 71 5.190674991461668
71 79 5.190674991461668
93 21 6.709326622501244
21 93 6.709326622501244
45 28 5.961042062888573
28 45 5.961042062888573
25 88 0.3498622250302752
88 25 0.3498622250302752
36 42 -8.689805849511982
42 36 -8.689805849511982
16 62 6.98552666382658
62 16 6.98552666382658
78 35 5.111990469288157
35 78 5.111990469288157
27 27 6.188710621256888
11 77 0.3520797634441486
77 11 0.3520797634441486
51 58 -5.293303275939138
58 51 -5.293303275939138
29 95 -4.586852986536902
95 29 -4.586852986536902
66 70 -3.5801401043546637
70 66 -3.5801401043546637
18 66 1.295200356045001
66 18 1.295200356045001
66 3 8.355352752305564
3 66 8.355352752305564
52 55 -7.383082604685411
55 52 -7.383082604685411
59 19 3.9889485843874013
19 59 3.9889485843874013
100 76 -8.888253820666328
76 100 -8.888253820666328
17 2 3.1426495570034376
2 17 3.1426495570034376
73 67 -3.6778224929083176
67 73 -3.6778224929083176
47 7 -6.0673861781530665
7 47 -6.0673861781530665
58 83 4.065994550163428
83 58 4.065994550163428
35 83 3.4680045886750204
83 35 3.4680045886750204
74 14 4.903650177873381
14 74 4.903650177873381
47 95 9.135470301687171
95 47 9.135470301687171
26 51 8.087921064419476
51 26 8.087921064419476
74 12 7.149678430530805
12 74 7.149678430530805
11 11 -4.913545376202714
3 80 -8.3873646398862
80 3 -8.3873646398862
28 10 -7.498934691460892
10 28 -7.498934691460892
85 61 -8.557745423882878
61 85 -8.557745423882878
11 89 9.46876413695946
89 11 9.46876413695946
32 74 6.388419611814562
74 32 6.388419611814562
88 98 6.644069970309651
98 88 6.644069970309651
83 82 1.9251991148188665
82 83 1.9251991148188665
94 63 -3.8237608256743165
63 94 -3.8237608256743165
20 20 -2.735910974743998
9 62 6.1321962216225465
62 9 6.1321962216225465
12 9 3.78289115033599
9 12 3.78289115033599
19 79 -8.084646029688303
79 19 -8.084646029688303
57 17 -3.9162421635162437
17 57 -3.9162421635162437
56 16 1.9072208915167153
16 56 1.9072208915167153
16 24 -1.3600645485551084
24 16 -1.3600645485551084
74 66 -5.486095466912488
66 74 -5.486095466912488
26 8 -3.2044036463302934
8 26 -3.2044036463302934
91 91 -4.931594980366711
74 30 8.42931070207828
30 74 8.42931070207828
77 88 -2.5948676089198734
88 77 -2.5948676089198734
86 71 2.8382818092749744
71 86 2.8382818092749744
98 62 5.032028290888885
62 98 5.032028290888885
50 41 -5.623734233846285
41 50 -5.623734233846285
43 2 4.8812373638994515
2 43 4.8812373638994515
64 30 -9.538849515079363
30 64 -9.538849515079363
8 67 -6.586110682062527
67 8 -6.586110682062527
72 41 -3.7758288766685144
41 72 -3.7758288766685144
24 34 3.424972194996167
34 24 3.424972194996167
68 28 0.39741598213929663
28 68 0.39741598213929663
46 96 -4.140239183408028
96 46 -4.140239183408028
36 87 8.004904239938217
87 36 8.004904239938217
93 26 6.0378580357901654
26 93 6.0378580357901654
85 92 -2.0313731354947118
92 85 -2.0313731354947118
52 96 7.072300679089324
96 52 7.072300679089324
38 28 -2.648122262104973
28 38 -2.648122262104973
21 48 5.181510300278385
48 21 5.181510300278385
44 5 0.6113704203904984
5 44 0.6113704203904984
60 18 -0.3359036385855081
18 60 -0.3359036385855081
69 12 -4.6447979194082105
12 69 -4.6447979194082105
30 57 1.3944139294870883
57 30 1.3944139294870883
26 33 5.480368253067011
33 26 5.480368253067011
97 89 0.051342947123412586
89 97 0.051342947123412586
38 53 -7.834932889708346
53 38 -7.834932889708346
30 5 -2.290665197198969
5 30 -2.290665197198969
53 75 -0.6919291043577385
75 53 -0.6919291043577385
78 57 8.220451707960947
57 78 8.220451707960947
58 19 -5.75307866361112
19 58 -5.75307866361112
86 76 -1.8170943558738486
76 86 -1.8170943558738486
13 25 -7.469945563826126
25 13 -7.469945563826126
14 18 -3.23149887060824
18 14 -3.23149887060824
16 20 -6.2027142521725676
20 16 -6.2027142521725676
18 87 -4.181352433421164
87 18 -4.181352433421164
22 12 3.523820264585664
12 22 3.523820264585664
94 37 -6.548414354466323
37 94 -6.548414354466323
12 79 0.9005500772538007
79 12 0.9005500772538007
21 13 -5.1621013081396105
13 21 -5.1621013081396105
1 58 5.4280327364415015
58 1 5.4280327364415015
3 50 2.851396576160452
50 3 2.851396576160452
27 63 -3.4382155245021595
63 27 -3.4382155245021595
20 66 4.618711321238447
66 20 4.618711321238447
64 98 -7.2572439791320065
98 64 -7.2572439791320065
93 20 -5.317768299138028
20 93 -5.317768299138028
23 46 3.3982663509239934
46 23 3.3982663509239934
20 40 8.983319724255281
40 20 8.983319724255281
69 6 -4.747139721196549
6 69 -4.747139721196549
4 79 -8.057111925666005
79 4 -8.057111925666005
47 89 -9.986397389523894
89 47 -9.986397389523894
78 62 9.895715567188464
62 78 9.895715567188464
15 72 6.321167215129702
72 15 6.321167215129702
75 79 1.7333937065154181
79 75 1.7333937065154181
60 10 3.5130861041396315
10 60 3.5130861041396315
58 12 7.906661807678912
12 58 7.906661807678912
39 63 9.436666238680512
63 39 9.436666238680512
49 95 -0.07916854978458687
95 49 -0.07916854978458687
87 76 -6.257160348537624
76 87 -6.257160348537624
21 49 9.621436915706141
49 21 9.621436915706141
45 44 -1.148941239787728
44 45 -1.148941239787728
12 55 7.307920802049942
55 12 7.307920802049942
99 84 -1.2819036409089861
84 99 -1.2819036409089861
96 47 1.2067242205834994
47 96 1.2067242205834994
40 69 4.700025076369572
69 40 4.700025076369572
97 34 -4.401049469922116
34 97 -4.401049469922116
68 17 -8.253672956239232
17 68 -8.253672956239232
66 52 -3.310062471666897
52 66 -3.310062471666897
67 4 -5.201199531713751
4 67 -5.201199531713751
68 99 -4.733670447462668
99 68 -4.733670447462668
23 80 1.8379913169836737
80 23 1.8379913169836737
71 1 9.481119069058511
1 71 9.481119069058511
55 85 -7.679514596923179
85 55 -7.679514596923179
48 11 5.563923107991354
11 48 5.563923107991354
70 93 1.2909927927551337
93 70 1.2909927927551337
73 9 -6.543455838527759
9 73 -6.543455838527759
1 52 -9.687878321068748
52 1 -9.687878321068748
70 95 -2.035529107799494
95 70 -2.035529107799494
75 71 -2.1021695060389938
71 75 -2.1021695060389938
76 5 2.0482066315397436
5 76 2.0482066315397436
60 97 6.139006888593499
97 60 6.139006888593499
2 49 -6.579996005747875
49 2 -6.579996005747875
27 33 0.7161708109492544
33 27 0.7161708109492544
16 85 -8.02501349830212
85 16 -8.02501349830212
85 30 9.34936111778477
30 85 9.34936111778477
5 63 7.225283451728448
63 5 7.225283451728448
72 25 -8.366840207305469
25 72 -8.366840207305469
99 33 -0.5742147978554595
33 99 -0.5742147978554595
26 34 0.04448711946597683
34 26 0.04448711946597683
88 16 -0.6719032772249296
16 88 -0.6719032772249296
30 43 -7.2430110635374945
43 30 -7.2430110635374945
43 21 -4.697290617720737
21 43 -4.697290617720737
63 99 4.245721833175091
99 63 4.245721833175091
76 69 1.1870777947377515
69 76 1.1870777947377515
91 53 -6.802666189955719
53 91 -6.802666189955719
50 93 -3.129625153176816
93 50 -3.129625153176816
54 86 -5.781674801573892
86 54 -5.781674801573892
35 16 5.321126029839448
16 35 5.321126029839448
59 34 2.827488018285269
34 59 2.827488018285269
91 7 2.9300683300850103
7 91 2.9300683300850103
76 2 6.51734012891551
2 76 6.51734012891551
41 74 -7.171153368901775
74 41 -7.171153368901775
30 23 -4.533209449683757
23 30 -4.533209449683757
67 24 -2.28359809878725
24 67 -2.28359809878725
27 90 -1.6619588833443082
90 27 -1.6619588833443082
87 33 -1.2510438207149406
33 87 -1.2510438207149406
22 85 3.1286044974131766
85 22 3.1286044974131766
28 5 3.438113266693229
5 28 3.438113266693229
68 13 -3.36868392212724
13 68 -3.36868392212724
51 19 -3.609070526116655
19 51 -3.609070526116655
39 93 8.942626329751494
93 39 8.942626329751494
10 95 -8.240716605074365
95 10 -8.240716605074365
34 45 -6.096890224015183
45 34 -6.096890224015183
1 43 3.1761102660466634
43 1 3.1761102660466634
64 87 -7.549521489492852
87 64 -7.549521489492852
58 48 -0.05234760046993259
48 58 -0.05234760046993259
26 7 2.129565181912856
7 26 2.129565181912856
17 23 -7.499265103466879
23 17 -7.499265103466879
36 44 9.139591381665504
44 36 9.139591381665504
16 25 0.1168547963320492
25 16 0.1168547963320492
3 70 -1.6197424333585744
70 3 -1.6197424333585744
78 41 -4.431242244626173
41 78 -4.431242244626173
21 27 -8.175097056971
27 21 -8.175097056971
85 15 -3.5537929167615534
15 85 -3.5537929167615534
27 4 -8.483618046093923
4 27 -8.483618046093923
28 72 2.218730398001936
72 28 2.218730398001936
38 94 -7.502953585476897
94 38 -7.502953585476897
44 25 5.71698434435554
25 44 5.71698434435554
55 69 -2.610412064192687
69 55 -2.610412064192687
7 48 -0.8212877870463782
48 7 -0.8212877870463782
66 69 8.136110458475251
69 66 8.136110458475251
57 34 6.495990066741793
34 57 6.495990066741793
74 28 -3.668288766248824
28 74 -3.668288766248824
52 90 8.38555429577237
90 52 8.38555429577237
3 97 -8.580162932307836
97 3 -8.580162932307836
11 4 -8.881933033190974
4 11 -8.881933033190974
21 80 -1.5936171814259747
80 21 -1.5936171814259747
9 3 -3.7800337691644774
3 9 -3.7800337691644774
30 81 0.9983898347928459
81 30 0.9983898347928459
79 50 -4.673534642032198
50 79 -4.673534642032198
6 88 -5.905890989750205
88 6 -5.905890989750205
15 25 1.711565183111965
25 15 1.711565183111965
23 34 1.2223790154364345
34 23 1.2223790154364345
64 13 -2.9673127191929254
13 64 -2.9673127191929254
48 40 9.207894751131349
40 48 9.207894751131349
79 80 1.2203999533827847
80 79 1.2203999533827847
85 1 -7.511815858427857
1 85 -7.511815858427857
52 8 -5.809489275846145
8 52 -5.809489275846145
47 100 -1.3101789819347474
100 47 -1.3101789819347474
64 77 -4.294743479557718
77 64 -4.294743479557718
60 89 -4.066710301237208
89 60 -4.066710301237208
71 95 7.435533505340299
95 71 7.435533505340299
30 20 5.1436835802997205
20 30 5.1436835802997205
60 24 5.2816008770128935
24 60 5.2816008770128935
3 2 6.087781965554999
2 3 6.087781965554999
87 99 7.149263436406411
99 87 7.149263436406411
61 88 -8.78988716326334
88 61 -8.78988716326334
80 39 1.436445632187695
39 80 1.436445632187695
66 47 -1.7205072084465165
47 66 -1.7205072084465165
42 33 -3.1221838395722408
33 42 -3.1221838395722408
56 1 -7.848492066880661
1 56 -7.848492066880661
72 10 -0.9265261910203009
10 72 -0.9265261910203009
59 32 3.133006083723318
32 59 3.133006083723318
55 22 3.011605211145305
22 55 3.011605211145305
12 65 -6.350804289687573
65 12 -6.350804289687573
76 57 2.521607510887092
57 76 2.521607510887092
22 1 -7.479043322340406
1 22 -7.479043322340406
63 85 -3.092240713494454
85 63 -3.092240713494454
5 78 5.97289949613751
78 5 5.97289949613751
75 66 -1.9698845459167469
66 75 -1.9698845459167469
56 64 7.950771862011273
64 56 7.950771862011273
22 63 -8.939110433017007
63 22 -8.939110433017007
25 19 -3.2052767063813326
19 25 -3.2052767063813326
84 78 9.654675592995009
78 84 9.654675592995009
77 79 8.57922485993464
79 77 8.57922485993464
97 68 1.0512391631615792
68 97 1.0512391631615792
66 32 7.708632593574059
32 66 7.708632593574059
13 30 8.598090009807425
30 13 8.598090009807425
99 64 7.172060537485873
64 99 7.172060537485873
89 15 7.160138703395031
15 89 7.160138703395031
47 6 -9.000121492680616
6 47 -9.000121492680616
98 45 -6.6285486193251035
45 98 -6.6285486193251035
39 35 2.515733079923068
35 39 2.515733079923068
48 96 3.96172608643624
96 48 3.96172608643624
65 69 9.667202509038397
69 65 9.667202509038397
100 43 6.79012411987938
43 100 6.79012411987938
72 38 -6.291449542283085
38 72 -6.291449542283085
92 28 5.475370076112412
28 92 5.475370076112412
65 46 -5.019471336625276
46 65 -5.019471336625276
99 82 -2.6920230811193857
82 99 -2.6920230811193857
88 29 3.6360724047273223
29 88 3.6360724047273223
55 32 5.964307654540356
32 55 5.964307654540356
9 52 -4.644347234764159
52 9 -4.644347234764159
74 71 9.841533833853862
71 74 9.841533833853862
85 82 1.6756627816642773
82 85 1.6756627816642773
38 11 2.7759095801097295
11 38 2.7759095801097295
49 84 7.3818998204688455
84 49 7.3818998204688455
84 82 1.077335100275846
82 84 1.077335100275846
96 41 -0.7462422133167408
41 96 -0.7462422133167408
37 37 -6.415839706816309
11 41 -3.6175603260627227
41 11 -3.6175603260627227
30 63 -4.712652057051027
63 30 -4.712652057051027
21 81 -8.868934412581332
81 21 -8.868934412581332
84 58 8.739656368352755
58 84 8.739656368352755
11 44 -0.8576510363306831
44 11 -0.8576510363306831
91 97 9.82150219522002
97 91 9.82150219522002
66 30 4.000175826146698
30 66 4.000175826146698
31 75 9.115749180205551
75 31 9.115749180205551
91 31 7.802402233779297
31 91 7.802402233779297
58 2 8.424046887864705
2 58 8.424046887864705
17 79 4.445478361466911
79 17 4.445478361466911
71 85 -7.865348776117416
85 71 -7.865348776117416
24 62 -6.1131369361686865
62 24 -6.1131369361686865
30 82 1.0602427454354064
82 30 1.0602427454354064
85 36 9.679878408578752
36 85 9.679878408578752
40 82 0.32095471358272576
82 40 0.32095471358272576
13 54 -9.791559053723232
54 13 -9.791559053723232
84 60 -8.98868791671797
60 84 -8.98868791671797
86 47 8.612907168619387
47 86 8.612907168619387
2 95 3.4848645775587492
95 2 3.4848645775587492
52 11 -9.539328753357829
11 52 -9.539328753357829
80 99 1.4769305055722874
99 80 1.4769305055722874
92 93 -3.6898117768382033
93 92 -3.6898117768382033
49 32 -5.017502655036427
32 49 -5.017502655036427
98 5 1.9248170788660595
5 98 1.9248170788660595
21 22 -4.342942110863667
22 21 -4.342942110863667
25 97 -7.448477474127284
97 25 -7.448477474127284
30 58 -2.646928700496039
58 30 -2.646928700496039
75 83 3.472209199260174
83 75 3.472209199260174
69 81 -7.817262939960505
81 69 -7.817262939960505
59 9 -1.79908094031388
9 59 -1.79908094031388
21 57 -7.994585098385489
57 21 -7.994585098385489
9 19 -3.2450238208830022
19 9 -3.2450238208830022
69 32 6.230395629153048
32 69 6.230395629153048
21 98 -7.864679972011823
98 21 -7.864679972011823
59 98 -1.3296195230415275
98 59 -1.3296195230415275
100 77 -0.5046407504821815
77 100 -0.5046407504821815
80 67 8.499313158076824
67 80 8.499313158076824
27 52 7.925492877350056
52 27 7.925492877350056
17 54 -5.390352744524439
54 17 -5.390352744524439
27 70 -3.402627530260574
70 27 -3.402627530260574
25 70 -6.529257115513378
70 25 -6.529257115513378
81 24 -7.332691700784935
24 81 -7.332691700784935
53 22 8.862614804010796
22 53 8.862614804010796
66 43 3.667048312350081
43 66 3.667048312350081
34 91 -3.0536342039080395
91 34 -3.0536342039080395
61 28 -2.952001784713321
28 61 -2.952001784713321
40 24 8.788230025583033
24 40 8.788230025583033
47 44 -4.224407402873309
44 47 -4.224407402873309
93 87 -4.591750963971528
87 93 -4.591750963971528
26 57 1.223535091572936
57 26 1.223535091572936
72 22 1.515581339282841
22 72 1.515581339282841
81 90 -2.9757001391004962
90 81 -2.9757001391004962
17 20 8.695855169158051
20 17 8.695855169158051
5 74 -4.575323417353882
74 5 -4.575323417353882
40 56 0.07606377249994978
56 40 0.07606377249994978
30 2 5.471592900372123
2 30 5.471592900372123
72 9 5.820139822547111
9 72 5.820139822547111
39 36 -1.259023848446919
36 39 -1.259023848446919
62 40 -9.091679022895944
40 62 -9.091679022895944
43 74 -6.367621036958879
74 43 -6.367621036958879
14 80 2.1486663193461393
80 14 2.1486663193461393
9 32 -4.281992813347699
32 9 -4.281992813347699
69 21 -6.853389004748087
21 69 -6.853389004748087
54 95 8.501749627984239
95 54 8.501749627984239
30 49 0.4866327130330852
49 30 0.4866327130330852
81 15 1.2076631217854015
15 81 1.2076631217854015
39 89 -3.530747770267249
89 39 -3.530747770267249
11 88 6.387265897394286
88 11 6.387265897394286
84 25 8.50169746482107
25 84 8.50169746482107
10 19 -8.526409079677283
19 10 -8.526409079677283
50 6 8.852291859154665
6 50 8.852291859154665
33 57 -7.353935365488087
57 33 -7.353935365488087
22 70 -0.8435342708722473
70 22 -0.8435342708722473
93 62 -9.01546776480066
62 93 -9.01546776480066
37 75 7.742116531092435
75 37 7.742116531092435
85 66 -9.90542456815053
66 85 -9.90542456815053
88 62 -6.448988145691996
62 88 -6.448988145691996
66 31 -0.607235750739779
31 66 -0.607235750739779
14 68 -6.0361099759862435
68 14 -6.0361099759862435
28 100 4.479638501557023
100 28 4.479638501557023
43 83 -3.01051279057382
83 43 -3.01051279057382
12 99 -5.785697037785433
99 12 -5.785697037785433
63 2 9.110995793828888
2 63 9.110995793828888
25 5 -5.252601016017433
5 25 -5.252601016017433
16 46 -7.631384950345021
46 16 -7.631384950345021
16 74 -1.2975273850239155
74 16 -1.2975273850239155
100 42 3.5604909275017604
42 100 3.5604909275017604
8 7 1.4322668118107877
7 8 1.4322668118107877
85 86 0.18467922480949284
86 85 0.18467922480949284
9 69 -3.4252700484636573
69 9 -3.4252700484636573
76 25 3.793524238190484
25 76 3.793524238190484
82 13 -5.8415042703312565
13 82 -5.8415042703312565
23 25 8.185228193090605
25 23 8.185228193090605
96 58 -1.3676871439196354
58 96 -1.3676871439196354
79 61 -1.5224395589349058
61 79 -1.5224395589349058
57 79 4.487268253175177
79 57 4.487268253175177
42 28 5.7009000596823505
28 42 5.7009000596823505
59 49 -0.3239111999746225
49 59 -0.3239111999746225
26 76 -9.065301491559419
76 26 -9.065301491559419
90 20 5.9963566626274645
20 90 5.9963566626274645
72 27 9.150356087367385
27 72 9.150356087367385
17 96 3.384938006688394
96 17 3.384938006688394
41 77 5.497689368111811
77 41 5.497689368111811
51 7 5.941290126020256
7 51 5.941290126020256
75 7 -3.4535351869410835
7 75 -3.4535351869410835
60 47 -2.862615365662611
47 60 -2.862615365662611
31 82 -9.754634710624877
82 31 -9.754634710624877
39 26 -8.686091001237383
26 39 -8.686091001237383
82 37 5.3152980863348205
37 82 5.3152980863348205
65 51 -8.343186122334497
51 65 -8.343186122334497
5 4 8.85804939912309
4 5 8.85804939912309
55 90 -3.9119587138261807
90 55 -3.9119587138261807
90 17 2.899231040030445
17 90 2.899231040030445
22 33 -6.032732706732453
33 22 -6.032732706732453
36 72 5.835114599907394
72 36 5.835114599907394
22 16 5.657124957448698
16 22 5.657124957448698
1 75 8.294819560387875
75 1 8.294819560387875
39 65 -1.6785975727375408
65 39 -1.6785975727375408
44 91 -4.628961089624122
91 44 -4.628961089624122
95 23 6.0665360473405805
23 95 6.0665360473405805
22 54 -0.7694123622410398
54 22 -0.7694123622410398
38 92 3.6415517379052247
92 38 3.6415517379052247
16 1 -7.491308675076915
1 16 -7.491308675076915
82 75 -2.643816642536083
75 82 -2.643816642536083
46 26 8.992492002432893
26 46 8.992492002432893
49 16 -3.436262059319297
16 49 -3.436262059319297
75 29 -8.081860762834038
29 75 -8.081860762834038
63 12 -9.639576638332557
12 63 -9.639576638332557
68 58 0.1058818837458535
58 68 0.1058818837458535
32 64 1.2150177412522218
64 32 1.2150177412522218
74 79 -3.190977140161218
79 74 -3.190977140161218
13 28 -0.1410157109141963
28 13 -0.1410157109141963
42 84 3.494093532296125
84 42 3.494093532296125
21 2 4.643518539915977
2 21 4.643518539915977
30 69 -8.243190711897626
69 30 -8.243190711897626
100 45 3.976664734146727
45 100 3.976664734146727
64 85 -9.682478180722047
85 64 -9.682478180722047
15 57 -9.145683827815958
57 15 -9.145683827815958
61 64 -5.851000494071139
64 61 -5.851000494071139
92 97 8.960620743240394
97 92 8.960620743240394
25 74 -8.789512111311016
74 25 -8.789512111311016
100 30 -3.348175835761216
30 100 -3.348175835761216
35 77 4.049490089178944
77 35 4.049490089178944
30 35 3.5016373886348635
35 30 3.5016373886348635
10 30 9.291675680161553
30 10 9.291675680161553
40 15 4.768979854795104
15 40 4.768979854795104
45 25 4.499204066301289
25 45 4.499204066301289
15 93 8.387629471352579
93 15 8.387629471352579
74 29 9.045812529356215
29 74 9.045812529356215
23 75 -1.5454743970752354
75 23 -1.5454743970752354
90 66 7.26658673624598
66 90 7.26658673624598
77 81 6.400112443509361
81 77 6.400112443509361
93 10 -6.9958677397285935
10 93 -6.9958677397285935
15 45 -9.83076239303143
45 15 -9.83076239303143
8 10 1.0086393524295438
10 8 1.0086393524295438
74 2 -0.7345442523133094
2 74 -0.7345442523133094
38 9 4.263794242011819
9 38 4.263794242011819
40 7 -1.005356847696266
7 40 -1.005356847696266
52 15 -7.827169151526556
15 52 -7.827169151526556
89 51 -8.611069305989417
51 89 -8.611069305989417
37 35 -1.7151490789793833
35 37 -1.7151490789793833
43 19 -4.983180258978875
19 43 -4.983180258978875
22 45 2.752455992635152
45 22 2.752455992635152
44 75 4.80728296475095
75 44 4.80728296475095
84 50 9.568075158384325
50 84 9.568075158384325
64 50 -0.38331357022879864
50 64 -0.38331357022879864
25 64 -1.210506540455004
64 25 -1.210506540455004
31 83 5.2248789712739825
83 31 5.2248789712739825
100 88 9.463341539987905
88 100 9.463341539987905
29 59 1.3868049074840894
59 29 1.3868049074840894
84 43 -7.176814389292159
43 84 -7.176814389292159
82 67 3.7475923891695384
67 82 3.7475923891695384
28 71 -3.744106838222687
71 28 -3.744106838222687
