1000 1000 95304
71 344 -4.64494228492438
344 71 -4.64494228492438
633 865 4.459667136584912
865 633 4.459667136584912
492 169 -5.587636279326283
169 492 -5.587636279326283
744 905 1.6718107992110518
905 744 1.6718107992110518
561 720 3.3986717820253514
720 561 3.3986717820253514
144 830 -8.542353504810869
830 144 -8.542353504810869
671 286 -2.950992221257895
286 671 -2.950992221257895
173 230 -7.263202445594499
230 173 -7.263202445594499
851 632 -2.7683212241466215
632 851 -2.7683212241466215
836 307 5.211386014852781
307 836 5.211386014852781
457 884 5.748693943310013
884 457 5.748693943310013
637 631 7.833974681336603
631 637 7.833974681336603
370 369 -9.180800511746195
369 370 -9.180800511746195
759 378 -3.036073385170754
378 759 -3.036073385170754
239 246 -2.070931050623333
246 239 -2.070931050623333
969 816 -4.788390730575179
816 969 -4.788390730575179
582 918 -4.701974864373735
918 582 -4.701974864373735
46 399 -8.350346746035132
399 46 -8.350346746035132
770 329 6.958129857379049
329 770 6.958129857379049
399 103 -7.585833811878273
103 399 -7.585833811878273
459 433 6.048206992784369
433 459 6.048206992784369
203 312 9.92773905213841
312 203 9.92773905213841
677 750 -1.6368458822091974
750 677 -1.6368458822091974
923 208 4.684183875957098
208 923 4.684183875957098
905 535 -2.8058429862237126
535 905 -2.8058429862237126
902 84 8.120555195249182
84 902 8.120555195249182
140 493 -7.432736803754906
493 140 -7.432736803754906
290 49 -3.9151025078694097
49 290 -3.9151025078694097
244 639 6.646027606409135
639 244 6.646027606409135
570 264 0.30642081825012646
264 570 0.30642081825012646
622 186 -3.3358681941977775
186 622 -3.3358681941977775
971 878 -4.256536532641901
878 971 -4.256536532641901
467 501 0.8418183195998878
501 467 0.8418183195998878
272 700 3.929635852596462
700 272 3.929635852596462
320 138 -4.54921303283661
138 320 -4.54921303283661
508 9 9.061854784784138
9 508 9.061854784784138
522 322 -2.82473888134861
322 522 -2.82473888134861
244 318 -4.7173580096449985
318 244 -4.7173580096449985
300 360 2.7137102658556245
360 300 2.7137102658556245
388 605 1.688360271320839
605 388 1.688360271320839
292 960 0.5801158181811559
960 292 0.5801158181811559
622 592 3.311717083552141
592 622 3.311717083552141
996 731 -0.335422486147543
731 996 -0.335422486147543
857 732 -6.935507738417945
732 857 -6.935507738417945
507 365 0.1549343369556908
365 507 0.1549343369556908
100 325 -3.275938265146287
325 100 -3.275938265146287
778 415 -8.711092879430453
415 778 -8.711092879430453
628 775 6.797737196188788
775 628 6.797737196188788
629 77 5.914993994508579
77 629 5.914993994508579
604 69 7.503665551324669
69 604 7.503665551324669
603 369 -8.905991868865097
369 603 -8.905991868865097
729 404 6.907186107148682
404 729 6.907186107148682
229 50 3.302958453923379
50 229 3.302958453923379
885 939 6.581259717109354
939 885 6.581259717109354
833 676 6.234675588241007
676 833 6.234675588241007
117 33 -3.063847172851199
33 117 -3.063847172851199
694 868 0.7688989479886139
868 694 0.7688989479886139
191 4 -1.8686370367224843
4 191 -1.8686370367224843
831 306 -1.8287939180363306
306 831 -1.8287939180363306
266 681 7.50276464630597
681 266 7.50276464630597
17 796 -5.958705481267817
796 17 -5.958705481267817
510 762 -7.5296840812556365
762 510 -7.5296840812556365
953 231 -6.842144952837992
231 953 -6.842144952837992
415 146 5.634057062118536
146 415 5.634057062118536
654 882 -5.817491426429013
882 654 -5.817491426429013
700 663 2.402896736742864
663 700 2.402896736742864
448 899 1.624669219064895
899 448 1.624669219064895
746 52 -1.4621572182238989
52 746 -1.4621572182238989
687 786 9.584306335652677
786 687 9.584306335652677
435 414 9.276794597479729
414 435 9.276794597479729
933 780 7.210408661929808
780 933 7.210408661929808
245 703 4.549862005037497
703 245 4.549862005037497
492 914 -4.2823499784910135
914 492 -4.2823499784910135
86 682 -1.1850125302852703
682 86 -1.1850125302852703
941 480 -6.137670915263582
480 941 -6.137670915263582
900 919 9.517907759657579
919 900 9.517907759657579
444 842 6.357175956457191
842 444 6.357175956457191
618 314 4.371660333422533
314 618 4.371660333422533
179 101 -8.212713963117015
101 179 -8.212713963117015
233 269 9.216288505995703
269 233 9.216288505995703
791 740 -5.69454554490666
740 791 -5.69454554490666
339 130 -6.144936658558986
130 339 -6.144936658558986
844 101 4.921343817721379
101 844 4.921343817721379
589 411 -6.69159760387199
411 589 -6.69159760387199
363 669 3.396469101947977
669 363 3.396469101947977
326 929 -2.9594896060396403
929 326 -2.9594896060396403
273 597 6.259115968250487
597 273 6.259115968250487
229 15 4.899607069738259
15 229 4.899607069738259
172 32 4.217292817498514
32 172 4.217292817498514
437 299 -3.489502351648057
299 437 -3.489502351648057
231 522 3.51751217567881
522 231 3.51751217567881
545 273 -8.108585224219105
273 545 -8.108585224219105
859 10 6.184943147434737
10 859 6.184943147434737
202 236 7.68485643325122
236 202 7.68485643325122
886 872 -0.5211785165721299
872 886 -0.5211785165721299
749 777 6.391272136777111
777 749 6.391272136777111
934 283 8.402763313668803
283 934 8.402763313668803
609 34 6.560263730097208
34 609 6.560263730097208
908 75 5.916001421489572
75 908 5.916001421489572
7 971 1.457152317364148
971 7 1.457152317364148
65 63 7.783851850010059
63 65 7.783851850010059
934 983 -1.7004968130425482
983 934 -1.7004968130425482
63 277 0.2403061528616064
277 63 0.2403061528616064
65 822 -0.1673024081761625
822 65 -0.1673024081761625
543 379 3.3057556509208315
379 543 3.3057556509208315
138 550 -3.1055001701215534
550 138 -3.1055001701215534
409 5 3.578595231907343
5 409 3.578595231907343
152 347 7.570307270714501
347 152 7.570307270714501
496 580 6.599629420130778
580 496 6.599629420130778
876 963 -5.784958386220449
963 876 -5.784958386220449
268 68 6.476129455956091
68 268 6.476129455956091
750 227 8.629087008433842
227 750 8.629087008433842
501 310 -9.259048738979754
310 501 -9.259048738979754
184 757 6.793517385830569
757 184 6.793517385830569
837 330 -1.6865654912317911
330 837 -1.6865654912317911
996 308 2.9520475372777213
308 996 2.9520475372777213
224 561 8.502966409944587
561 224 8.502966409944587
910 124 -1.1208372334282242
124 910 -1.1208372334282242
253 775 -3.8184345632454475
775 253 -3.8184345632454475
965 427 -4.340485237028567
427 965 -4.340485237028567
893 198 4.557955606662318
198 893 4.557955606662318
709 265 6.0694877932162825
265 709 6.0694877932162825
166 80 -9.591223352125802
80 166 -9.591223352125802
601 242 3.7146342449730057
242 601 3.7146342449730057
43 219 -4.459910135110974
219 43 -4.459910135110974
357 415 -8.804343104454297
415 357 -8.804343104454297
218 723 -0.682523738653698
723 218 -0.682523738653698
947 595 -2.6246356778019404
595 947 -2.6246356778019404
68 453 0.4498720327603323
453 68 0.4498720327603323
323 886 -5.6886075486371945
886 323 -5.6886075486371945
791 678 3.3470233678183163
678 791 3.3470233678183163
275 630 7.575551356487161
630 275 7.575551356487161
585 245 -4.658878285121215
245 585 -4.658878285121215
871 178 0.35308014692428813
178 871 0.35308014692428813
454 196 -9.633905080742354
196 454 -9.633905080742354
799 966 -7.025611322294476
966 799 -7.025611322294476
372 226 -2.4445220567967922
226 372 -2.4445220567967922
95 700 -9.295383304779584
700 95 -9.295383304779584
916 13 7.616118372870382
13 916 7.616118372870382
494 170 -7.390447872698262
170 494 -7.390447872698262
108 472 -5.223315791868175
472 108 -5.223315791868175
766 924 -6.822376163206016
924 766 -6.822376163206016
545 165 4.915268691869386
165 545 4.915268691869386
548 10 7.841677351749112
10 548 7.841677351749112
564 529 4.832475241416693
529 564 4.832475241416693
45 607 -1.7764334143360916
607 45 -1.7764334143360916
360 859 9.50945115728996
859 360 9.50945115728996
245 824 -3.0571649018457396
824 245 -3.0571649018457396
293 192 4.185557587759801
192 293 4.185557587759801
384 602 6.022373607787085
602 384 6.022373607787085
703 298 7.165823643477971
298 703 7.165823643477971
971 383 6.404332025037689
383 971 6.404332025037689
895 671 -3.9189911461709803
671 895 -3.9189911461709803
803 353 -3.2513772992988565
353 803 -3.2513772992988565
753 210 8.554976680135876
210 753 8.554976680135876
2 987 -1.224917583780078
987 2 -1.224917583780078
589 995 5.166100647983898
995 589 5.166100647983898
12 418 8.576468727117195
418 12 8.576468727117195
727 774 -5.543991009499987
774 727 -5.543991009499987
368 2 -2.7652442923312233
2 368 -2.7652442923312233
309 519 5.022578288168088
519 309 5.022578288168088
343 311 -0.9670497155211795
311 343 -0.9670497155211795
519 759 0.04442079606140581
759 519 0.04442079606140581
555 755 9.919797461967235
755 555 9.919797461967235
545 301 9.306968700798478
301 545 9.306968700798478
132 535 4.919324872450659
535 132 4.919324872450659
927 679 2.617772057286878
679 927 2.617772057286878
176 806 -9.713649612675477
806 176 -9.713649612675477
824 697 9.489486260570029
697 824 9.489486260570029
288 681 -9.293179549238026
681 288 -9.293179549238026
803 406 6.479005973487691
406 803 6.479005973487691
649 570 -4.816046145672905
570 649 -4.816046145672905
86 238 -3.012315271687463
238 86 -3.012315271687463
161 997 -9.55010663903998
997 161 -9.55010663903998
345 533 9.736462527802068
533 345 9.736462527802068
787 959 -9.488672296588556
959 787 -9.488672296588556
609 432 2.382219687656164
432 609 2.382219687656164
416 589 4.406815627133094
589 416 4.406815627133094
737 412 5.162092132642684
412 737 5.162092132642684
988 229 -4.682892292504661
229 988 -4.682892292504661
154 157 5.7127622312455095
157 154 5.7127622312455095
99 73 0.43851267646720515
73 99 0.43851267646720515
224 340 -6.230025357634606
340 224 -6.230025357634606
397 853 5.072691171203541
853 397 5.072691171203541
889 711 -0.08225615433106626
711 889 -0.08225615433106626
775 442 -1.0115837601084863
442 775 -1.0115837601084863
659 748 1.7186583738417482
748 659 1.7186583738417482
825 69 -8.274115554110491
69 825 -8.274115554110491
967 178 -2.7348614233906243
178 967 -2.7348614233906243
120 819 2.3029375161155095
819 120 2.3029375161155095
897 653 1.7500095674957876
653 897 1.7500095674957876
698 600 -5.125873965915913
600 698 -5.125873965915913
73 589 7.901706559665701
589 73 7.901706559665701
509 30 -6.9810721215920335
30 509 -6.9810721215920335
684 710 -0.8775207699509231
710 684 -0.8775207699509231
32 43 -4.446039156944246
43 32 -4.446039156944246
6 956 9.12590182203548
956 6 9.12590182203548
839 205 -8.055411418015412
205 839 -8.055411418015412
382 994 0.3558243483516357
994 382 0.3558243483516357
980 448 -7.224611334211788
448 980 -7.224611334211788
477 325 -1.1327282578375453
325 477 -1.1327282578375453
398 345 0.6777195743086484
345 398 0.6777195743086484
73 623 9.24730899802563
623 73 9.24730899802563
274 953 -3.343464002210606
953 274 -3.343464002210606
516 50 -0.30478686502373264
50 516 -0.30478686502373264
318 640 -7.679488234635379
640 318 -7.679488234635379
239 802 -4.146528256663595
802 239 -4.146528256663595
425 799 -9.738575449406772
799 425 -9.738575449406772
228 49 -9.895192712216032
49 228 -9.895192712216032
345 109 -7.103371245693815
109 345 -7.103371245693815
901 435 5.422736478666426
435 901 5.422736478666426
905 376 6.882979316267168
376 905 6.882979316267168
894 753 -9.820007308664124
753 894 -9.820007308664124
987 306 2.6473353027977193
306 987 2.6473353027977193
825 31 -6.927550554497994
31 825 -6.927550554497994
576 417 6.66150156461838
417 576 6.66150156461838
957 156 6.446460236265587
156 957 6.446460236265587
568 632 9.808999078602657
632 568 9.808999078602657
60 370 1.1577756765518021
370 60 1.1577756765518021
176 69 -1.2895673286434395
69 176 -1.2895673286434395
785 540 -5.751431006926035
540 785 -5.751431006926035
278 40 -6.224088459086676
40 278 -6.224088459086676
987 560 6.326592035033215
560 987 6.326592035033215
681 289 5.826277809450298
289 681 5.826277809450298
887 106 -0.12702770446453293
106 887 -0.12702770446453293
741 821 1.9280463790702722
821 741 1.9280463790702722
818 972 4.054702501470473
972 818 4.054702501470473
340 668 8.849985325875931
668 340 8.849985325875931
848 689 1.0792760993892951
689 848 1.0792760993892951
752 991 -9.53413304219864
991 752 -9.53413304219864
637 376 -2.6302079435669112
376 637 -2.6302079435669112
955 214 5.920096261042072
214 955 5.920096261042072
792 432 6.38437295306073
432 792 6.38437295306073
138 1000 -5.754506254164111
1000 138 -5.754506254164111
618 503 0.10479290359255344
503 618 0.10479290359255344
410 674 -7.037401674290644
674 410 -7.037401674290644
729 120 -1.2397017581964391
120 729 -1.2397017581964391
287 279 -1.7051024155098276
279 287 -1.7051024155098276
470 335 -3.4760890169137504
335 470 -3.4760890169137504
730 284 0.2016935269870359
284 730 0.2016935269870359
253 979 9.47746325672097
979 253 9.47746325672097
393 294 6.366669511200669
294 393 6.366669511200669
209 175 -9.774581808515471
175 209 -9.774581808515471
188 668 -8.511227138452455
668 188 -8.511227138452455
8 921 -8.771802129440413
921 8 -8.771802129440413
106 688 -6.981621113399374
688 106 -6.981621113399374
717 525 8.61119305665402
525 717 8.61119305665402
625 593 4.5035786083594544
593 625 4.5035786083594544
12 453 -3.012988183820859
453 12 -3.012988183820859
104 518 5.728601124254137
518 104 5.728601124254137
327 283 -4.477303451956239
283 327 -4.477303451956239
698 904 0.01904442941452089
904 698 0.01904442941452089
824 924 3.0422802401219418
924 824 3.0422802401219418
517 463 9.24256212214961
463 517 9.24256212214961
778 809 1.1126653150659322
809 778 1.1126653150659322
632 192 -0.9212424490807507
192 632 -0.9212424490807507
77 143 -7.965640265556948
143 77 -7.965640265556948
120 725 -2.495739460005062
725 120 -2.495739460005062
262 200 -2.002389694478266
200 262 -2.002389694478266
75 699 -1.9279741478742611
699 75 -1.9279741478742611
237 497 6.903060422809514
497 237 6.903060422809514
197 706 -6.6474897822701
706 197 -6.6474897822701
330 874 6.4410202031635855
874 330 6.4410202031635855
276 408 5.365852532345611
408 276 5.365852532345611
366 731 8.592708953801619
731 366 8.592708953801619
267 198 6.34506466973415
198 267 6.34506466973415
783 554 8.33712338101288
554 783 8.33712338101288
435 124 -1.9406225554221805
124 435 -1.9406225554221805
268 89 7.3926273552085
89 268 7.3926273552085
957 524 7.808473018744742
524 957 7.808473018744742
556 138 -9.151234437130924
138 556 -9.151234437130924
663 61 -6.903212925782071
61 663 -6.903212925782071
621 947 -4.8360366647608855
947 621 -4.8360366647608855
92 311 -2.4295819661511047
311 92 -2.4295819661511047
852 759 -6.9167602288001895
759 852 -6.9167602288001895
962 92 -2.1636768657503342
92 962 -2.1636768657503342
430 757 7.777684965248657
757 430 7.777684965248657
388 871 -5.048922209405326
871 388 -5.048922209405326
366 625 0.6920245029830525
625 366 0.6920245029830525
4 308 8.354136534283661
308 4 8.354136534283661
41 912 -5.4244265995033825
912 41 -5.4244265995033825
90 727 -0.08058252495385076
727 90 -0.08058252495385076
673 434 6.178192855147849
434 673 6.178192855147849
736 594 -3.756111703742948
594 736 -3.756111703742948
941 177 5.908377530432642
177 941 5.908377530432642
451 564 -8.549598765587742
564 451 -8.549598765587742
570 745 4.510066939372177
745 570 4.510066939372177
612 975 -1.0879784655975975
975 612 -1.0879784655975975
919 988 5.023010405077358
988 919 5.023010405077358
265 138 6.187095185291756
138 265 6.187095185291756
209 36 5.467147453876954
36 209 5.467147453876954
177 622 4.37191954437435
622 177 4.37191954437435
769 382 -1.3060754837207362
382 769 -1.3060754837207362
124 463 3.443515004937286
463 124 3.443515004937286
56 926 3.009094440291701
926 56 3.009094440291701
246 456 -4.070238394707326
456 246 -4.070238394707326
162 896 -5.951417873525175
896 162 -5.951417873525175
578 107 -2.439711095975743
107 578 -2.439711095975743
859 395 2.1388769620128745
395 859 2.1388769620128745
518 841 -2.0726641706473226
841 518 -2.0726641706473226
166 811 -6.173894210163984
811 166 -6.173894210163984
276 794 5.683055766823221
794 276 5.683055766823221
10 629 9.964995323356728
629 10 9.964995323356728
288 200 -5.91051103570244
200 288 -5.91051103570244
607 97 -4.569874737548467
97 607 -4.569874737548467
254 226 7.679218469554613
226 254 7.679218469554613
592 158 2.7467900607257363
158 592 2.7467900607257363
498 333 4.622581954073006
333 498 4.622581954073006
962 895 -8.937462625976522
895 962 -8.937462625976522
800 172 -5.243464229719635
172 800 -5.243464229719635
12 674 8.944530788138433
674 12 8.944530788138433
502 299 -1.9523531106597645
299 502 -1.9523531106597645
428 820 -9.598083291742386
820 428 -9.598083291742386
707 833 8.634449138063715
833 707 8.634449138063715
408 841 5.567090066673202
841 408 5.567090066673202
649 110 3.568838380171295
110 649 3.568838380171295
946 359 2.2968803827898387
359 946 2.2968803827898387
958 903 -2.652916795172855
903 958 -2.652916795172855
815 998 -8.456582024426972
998 815 -8.456582024426972
146 33 -7.250673438634394
33 146 -7.250673438634394
554 387 -0.8802352674719405
387 554 -0.8802352674719405
696 726 -6.965774694880289
726 696 -6.965774694880289
594 116 1.615327255440608
116 594 1.615327255440608
118 635 6.803639960855705
635 118 6.803639960855705
662 799 -8.722004536760807
799 662 -8.722004536760807
881 842 5.607953445521135
842 881 5.607953445521135
252 580 0.3964745388352213
580 252 0.3964745388352213
490 484 -1.1723151914451115
484 490 -1.1723151914451115
204 232 -7.525444109331478
232 204 -7.525444109331478
709 823 -6.316281023725995
823 709 -6.316281023725995
861 250 1.8276040868695986
250 861 1.8276040868695986
828 700 -2.7545880738821342
700 828 -2.7545880738821342
2 280 -8.608071360998629
280 2 -8.608071360998629
641 905 4.418765329332199
905 641 4.418765329332199
23 319 7.482358746043772
319 23 7.482358746043772
121 40 7.2091549837273305
40 121 7.2091549837273305
682 863 5.70412113673904
863 682 5.70412113673904
678 771 -5.536713708560937
771 678 -5.536713708560937
103 890 8.993679050469435
890 103 8.993679050469435
890 156 -7.3418887273048705
156 890 -7.3418887273048705
455 485 7.073338587869188
485 455 7.073338587869188
417 96 -9.945220414038896
96 417 -9.945220414038896
68 548 -7.529780211216403
548 68 -7.529780211216403
331 590 5.908972404673115
590 331 5.908972404673115
229 663 -7.306003718549725
663 229 -7.306003718549725
839 483 -4.119791113468841
483 839 -4.119791113468841
179 340 -7.341412543228509
340 179 -7.341412543228509
591 827 -6.549513526996846
827 591 -6.549513526996846
494 924 -3.7493538972121314
924 494 -3.7493538972121314
190 413 7.277765165431852
413 190 7.277765165431852
651 629 0.07573987679157668
629 651 0.07573987679157668
262 811 7.840322676784279
811 262 7.840322676784279
404 444 0.6966927608407048
444 404 0.6966927608407048
534 308 1.7418602320537406
308 534 1.7418602320537406
218 313 -7.1575544355717575
313 218 -7.1575544355717575
596 561 1.8318624281359082
561 596 1.8318624281359082
373 278 -1.9778711658612185
278 373 -1.9778711658612185
376 291 -1.5677259744176304
291 376 -1.5677259744176304
600 673 -0.9506344173285868
673 600 -0.9506344173285868
754 150 -1.1702272232549547
150 754 -1.1702272232549547
690 381 5.527595772540742
381 690 5.527595772540742
837 906 -3.218649789472696
906 837 -3.218649789472696
407 211 5.441881223926641
211 407 5.441881223926641
8 874 -8.624014421735227
874 8 -8.624014421735227
883 139 2.4958865542426416
139 883 2.4958865542426416
500 296 1.0708140122778929
296 500 1.0708140122778929
278 45 2.508579917654295
45 278 2.508579917654295
813 960 -2.9411499402768415
960 813 -2.9411499402768415
308 771 -4.525508459833798
771 308 -4.525508459833798
765 575 -0.045799006894986505
575 765 -0.045799006894986505
42 313 -3.3337146216835993
313 42 -3.3337146216835993
230 498 6.287764094276035
498 230 6.287764094276035
417 966 6.2080401397929315
966 417 6.2080401397929315
837 404 0.03899699885956842
404 837 0.03899699885956842
13 574 -0.768388952275096
574 13 -0.768388952275096
260 985 -2.730157973549881
985 260 -2.730157973549881
272 969 3.227066046659262
969 272 3.227066046659262
419 470 -9.10507241681403
470 419 -9.10507241681403
451 713 5.546298645461336
713 451 5.546298645461336
708 717 -2.597377799598915
717 708 -2.597377799598915
520 112 2.4963933247298975
112 520 2.4963933247298975
416 881 -5.31994102717904
881 416 -5.31994102717904
314 390 8.379206812447194
390 314 8.379206812447194
80 602 -0.7034349217010156
602 80 -0.7034349217010156
311 899 -0.13181473370346808
899 311 -0.13181473370346808
44 190 -7.709949648913006
190 44 -7.709949648913006
976 330 -0.5329743765435051
330 976 -0.5329743765435051
174 594 -3.2750630174988693
594 174 -3.2750630174988693
736 149 -0.7040263266399034
149 736 -0.7040263266399034
218 144 -9.033532395025446
144 218 -9.033532395025446
680 201 -4.056514098422372
201 680 -4.056514098422372
980 492 8.840159765814622
492 980 8.840159765814622
280 619 2.7391040176258414
619 280 2.7391040176258414
107 738 6.149891965688607
738 107 6.149891965688607
421 25 1.099242269912379
25 421 1.099242269912379
263 350 -3.596848654734064
350 263 -3.596848654734064
875 322 3.8455411118734713
322 875 3.8455411118734713
361 249 -1.2489967954651462
249 361 -1.2489967954651462
696 907 -5.360066185504408
907 696 -5.360066185504408
251 419 6.765861340174883
419 251 6.765861340174883
407 463 -5.338170684500863
463 407 -5.338170684500863
497 582 0.1003530790817706
582 497 0.1003530790817706
472 443 4.623258452480915
443 472 4.623258452480915
668 691 -4.631003610765124
691 668 -4.631003610765124
668 86 -6.587499600577527
86 668 -6.587499600577527
357 720 3.0778186684565085
720 357 3.0778186684565085
744 438 -9.93593236519123
438 744 -9.93593236519123
437 729 6.916935402372452
729 437 6.916935402372452
177 554 7.9933630823467325
554 177 7.9933630823467325
245 528 4.512879004045212
528 245 4.512879004045212
670 410 7.115768117621723
410 670 7.115768117621723
139 80 7.88224254872884
80 139 7.88224254872884
90 874 -6.880674687081094
874 90 -6.880674687081094
426 59 0.07125471780312687
59 426 0.07125471780312687
183 671 -9.047692288231133
671 183 -9.047692288231133
235 210 -5.689510025301012
210 235 -5.689510025301012
277 892 -6.841681957183896
892 277 -6.841681957183896
920 745 3.1194922435252295
745 920 3.1194922435252295
557 121 -3.10140710720402
121 557 -3.10140710720402
635 617 -4.734502699629393
617 635 -4.734502699629393
833 51 -2.457768664776112
51 833 -2.457768664776112
725 660 3.9171838972075346
660 725 3.9171838972075346
972 102 -3.8878164171804164
102 972 -3.8878164171804164
992 334 4.5763139388050185
334 992 4.5763139388050185
892 627 -1.7961821500561719
627 892 -1.7961821500561719
943 103 -7.539802851918704
103 943 -7.539802851918704
877 689 -6.666727353447326
689 877 -6.666727353447326
49 381 -5.967852474957665
381 49 -5.967852474957665
833 110 8.059440656781625
110 833 8.059440656781625
807 557 -3.2832232310868896
557 807 -3.2832232310868896
272 362 -2.3117494423510436
362 272 -2.3117494423510436
378 803 -0.12281786378064652
803 378 -0.12281786378064652
463 580 -5.846880899264848
580 463 -5.846880899264848
562 399 -3.153056850058375
399 562 -3.153056850058375
894 395 6.20496338690463
395 894 6.20496338690463
230 320 -0.7204525685748777
320 230 -0.7204525685748777
870 403 -7.039958072777632
403 870 -7.039958072777632
415 197 0.7269692949216928
197 415 0.7269692949216928
67 685 8.675062329093677
685 67 8.675062329093677
965 564 -3.552456088353175
564 965 -3.552456088353175
627 317 2.6969575239626558
317 627 2.6969575239626558
974 125 -5.62322391964114
125 974 -5.62322391964114
367 685 3.909401273048516
685 367 3.909401273048516
789 321 -3.557135681836634
321 789 -3.557135681836634
663 384 -5.825336614834691
384 663 -5.825336614834691
710 780 3.7580720955607987
780 710 3.7580720955607987
59 288 -2.110228808866852
288 59 -2.110228808866852
318 641 -5.465261301340543
641 318 -5.465261301340543
181 203 3.4969747811234946
203 181 3.4969747811234946
132 307 0.47825540175202796
307 132 0.47825540175202796
190 726 7.385203620687527
726 190 7.385203620687527
238 600 4.960284872181385
600 238 4.960284872181385
386 424 4.561317482235008
424 386 4.561317482235008
109 60 1.2228124890728775
60 109 1.2228124890728775
67 704 9.942455266093535
704 67 9.942455266093535
432 793 -8.90215951092679
793 432 -8.90215951092679
666 262 4.514431905370966
262 666 4.514431905370966
269 459 -5.930557426517204
459 269 -5.930557426517204
164 884 4.43235863068897
884 164 4.43235863068897
146 624 -2.5041344105840864
624 146 -2.5041344105840864
494 679 -6.543306947325595
679 494 -6.543306947325595
244 101 -5.797007851774641
101 244 -5.797007851774641
87 725 9.910013913250808
725 87 9.910013913250808
136 406 -2.4425465304709277
406 136 -2.4425465304709277
98 617 -8.29593169602594
617 98 -8.29593169602594
652 771 -3.427153014620923
771 652 -3.427153014620923
573 675 -9.763160006802645
675 573 -9.763160006802645
675 838 8.41755063389272
838 675 8.41755063389272
420 115 2.0320069235197344
115 420 2.0320069235197344
409 240 1.5583404102610707
240 409 1.5583404102610707
59 616 0.6697804073061402
616 59 0.6697804073061402
289 737 -2.6889630559362665
737 289 -2.6889630559362665
420 385 6.806154114145205
385 420 6.806154114145205
497 452 7.812716058690178
452 497 7.812716058690178
947 854 -5.073942882051082
854 947 -5.073942882051082
743 61 -4.273799099674662
61 743 -4.273799099674662
521 584 4.942686667744091
584 521 4.942686667744091
338 552 -1.3711359444838678
552 338 -1.3711359444838678
543 731 -0.3996926912314862
731 543 -0.3996926912314862
673 396 4.345157774515327
396 673 4.345157774515327
81 817 -2.231946462488443
817 81 -2.231946462488443
926 102 7.928534914771742
102 926 7.928534914771742
151 119 1.7418393755952781
119 151 1.7418393755952781
49 237 -9.310248565220874
237 49 -9.310248565220874
88 78 5.332954797886433
78 88 5.332954797886433
641 292 -3.773702010860138
292 641 -3.773702010860138
62 627 -1.286307754270858
627 62 -1.286307754270858
762 163 -7.999621311075213
163 762 -7.999621311075213
65 461 9.159225569538918
461 65 9.159225569538918
316 367 -0.9742294816077255
367 316 -0.9742294816077255
722 377 2.8909558615729374
377 722 2.8909558615729374
895 214 -8.773237571513786
214 895 -8.773237571513786
133 734 -1.0649810484185895
734 133 -1.0649810484185895
223 505 -5.5453081773880815
505 223 -5.5453081773880815
177 569 6.173224360837871
569 177 6.173224360837871
865 267 1.4173875076953362
267 865 1.4173875076953362
93 543 -6.4901743118393895
543 93 -6.4901743118393895
525 589 -7.734372731063814
589 525 -7.734372731063814
926 762 -8.804518638656589
762 926 -8.804518638656589
127 45 3.357079291520499
45 127 3.357079291520499
428 521 8.745564658285328
521 428 8.745564658285328
686 179 -7.430058667477448
179 686 -7.430058667477448
873 583 4.644780338900919
583 873 4.644780338900919
969 617 2.7630393374048303
617 969 2.7630393374048303
463 294 5.112996133342616
294 463 5.112996133342616
262 31 9.154580046351832
31 262 9.154580046351832
960 958 -0.35754260285806794
958 960 -0.35754260285806794
106 204 9.768977339402895
204 106 9.768977339402895
940 275 1.4566143177394792
275 940 1.4566143177394792
876 153 -8.94343491946621
153 876 -8.94343491946621
564 581 -7.215036260718581
581 564 -7.215036260718581
147 374 2.5772497835903696
374 147 2.5772497835903696
303 400 -0.6783436551535864
400 303 -0.6783436551535864
215 208 0.4879221042103925
208 215 0.4879221042103925
503 568 7.34740760640107
568 503 7.34740760640107
697 84 5.682987165507525
84 697 5.682987165507525
613 159 9.598481096535707
159 613 9.598481096535707
957 258 1.7092048953999388
258 957 1.7092048953999388
421 884 -0.4491398379218303
884 421 -0.4491398379218303
275 430 -0.278312874749032
430 275 -0.278312874749032
415 877 4.050681468008159
877 415 4.050681468008159
683 850 -9.481630214671217
850 683 -9.481630214671217
104 898 8.605951390156761
898 104 8.605951390156761
222 429 9.159300899215705
429 222 9.159300899215705
473 367 -0.08016019323905432
367 473 -0.08016019323905432
721 827 9.168238493406115
827 721 9.168238493406115
5 969 -0.7865368857492463
969 5 -0.7865368857492463
476 448 -6.213222971818457
448 476 -6.213222971818457
828 798 -0.9676109115886398
798 828 -0.9676109115886398
732 680 7.678921850573303
680 732 7.678921850573303
196 323 0.76500113592102
323 196 0.76500113592102
934 575 0.3453301410750669
575 934 0.3453301410750669
928 389 4.196048807470191
389 928 4.196048807470191
198 928 -6.8841248333363865
928 198 -6.8841248333363865
601 642 -7.861553511191779
642 601 -7.861553511191779
520 190 4.310416550424634
190 520 4.310416550424634
326 100 3.9838253817723075
100 326 3.9838253817723075
890 138 -6.257681435961566
138 890 -6.257681435961566
638 17 -3.19581328634513
17 638 -3.19581328634513
500 636 2.008605194293331
636 500 2.008605194293331
567 765 -0.8045342260125476
765 567 -0.8045342260125476
464 738 1.802727650622371
738 464 1.802727650622371
877 716 9.799884288843842
716 877 9.799884288843842
85 742 9.3262028767438
742 85 9.3262028767438
204 380 9.878565785583891
380 204 9.878565785583891
762 891 -3.798832050200616
891 762 -3.798832050200616
331 599 0.5533336135410565
599 331 0.5533336135410565
193 78 4.003532582356737
78 193 4.003532582356737
879 407 9.470336265481873
407 879 9.470336265481873
826 220 -1.7107877726210923
220 826 -1.7107877726210923
165 251 -3.1492204989822454
251 165 -3.1492204989822454
805 960 -2.982998394156409
960 805 -2.982998394156409
874 437 -6.650081426851422
437 874 -6.650081426851422
570 690 -4.554298447725698
690 570 -4.554298447725698
596 389 8.8563071577966
389 596 8.8563071577966
703 197 -3.3931749960560165
197 703 -3.3931749960560165
585 704 -9.042169433946603
704 585 -9.042169433946603
973 12 9.929724121437868
12 973 9.929724121437868
835 699 4.918370674720325
699 835 4.918370674720325
771 629 -9.651521188288747
629 771 -9.651521188288747
653 708 9.204884982437623
708 653 9.204884982437623
428 187 9.260422553862892
187 428 9.260422553862892
899 649 -2.3915328820487147
649 899 -2.3915328820487147
463 122 -7.359569989174406
122 463 -7.359569989174406
272 69 8.654197233585556
69 272 8.654197233585556
862 781 -7.798472163363488
781 862 -7.798472163363488
206 565 5.260608895332412
565 206 5.260608895332412
85 484 6.928759820079932
484 85 6.928759820079932
479 200 -1.076619579550897
200 479 -1.076619579550897
772 734 -5.46978286119087
734 772 -5.46978286119087
879 514 -4.424071194949979
514 879 -4.424071194949979
812 190 -0.19625532299815518
190 812 -0.19625532299815518
429 783 -8.625714134801377
783 429 -8.625714134801377
583 872 -7.7011559317970635
872 583 -7.7011559317970635
979 296 6.511308149327885
296 979 6.511308149327885
251 518 -9.058582178978334
518 251 -9.058582178978334
870 327 -1.8490997303949328
327 870 -1.8490997303949328
698 433 -9.591166696522214
433 698 -9.591166696522214
848 213 -2.069252180327066
213 848 -2.069252180327066
856 648 -1.749952456343383
648 856 -1.749952456343383
900 572 -4.701165772975752
572 900 -4.701165772975752
577 22 5.415385992477095
22 577 5.415385992477095
913 91 -0.17171411325928077
91 913 -0.17171411325928077
862 709 0.663307321983952
709 862 0.663307321983952
921 845 -6.776529688763048
845 921 -6.776529688763048
22 533 -9.567853993445535
533 22 -9.567853993445535
196 343 -5.000182571071676
343 196 -5.000182571071676
206 239 0.32255520180302355
239 206 0.32255520180302355
133 945 -0.2633819115507823
945 133 -0.2633819115507823
268 396 8.879555436994114
396 268 8.879555436994114
611 959 -3.8174093197636356
959 611 -3.8174093197636356
225 371 2.0124980042384912
371 225 2.0124980042384912
766 20 9.329977785651355
20 766 9.329977785651355
66 536 -9.703310559303908
536 66 -9.703310559303908
327 322 -4.7909168994786455
322 327 -4.7909168994786455
949 124 -0.7640766700285226
124 949 -0.7640766700285226
257 837 3.130207759690105
837 257 3.130207759690105
627 50 -7.5948219377516635
50 627 -7.5948219377516635
728 337 -1.4632785543610023
337 728 -1.4632785543610023
614 207 7.827781026943644
207 614 7.827781026943644
172 352 -8.522931169202563
352 172 -8.522931169202563
37 57 -3.7801045152410984
57 37 -3.7801045152410984
694 706 2.1594026100045838
706 694 2.1594026100045838
896 938 -3.7250528663142646
938 896 -3.7250528663142646
893 219 -2.486459809850283
219 893 -2.486459809850283
119 986 2.3482684187229026
986 119 2.3482684187229026
68 32 4.9350079414329056
32 68 4.9350079414329056
33 542 -9.126899660996063
542 33 -9.126899660996063
880 676 -9.792015226973746
676 880 -9.792015226973746
701 576 -6.2682416919064305
576 701 -6.2682416919064305
237 310 -6.538655077379991
310 237 -6.538655077379991
79 665 5.8274960838573655
665 79 5.8274960838573655
365 472 8.025000287747801
472 365 8.025000287747801
513 831 7.6923095306845894
831 513 7.6923095306845894
387 859 1.8784254356910495
859 387 1.8784254356910495
667 385 6.567390915199681
385 667 6.567390915199681
902 422 -6.4816472938816645
422 902 -6.4816472938816645
842 970 -1.165757851081331
970 842 -1.165757851081331
720 614 -8.537617666501928
614 720 -8.537617666501928
746 459 -1.2910298653647008
459 746 -1.2910298653647008
715 387 -8.630953684900156
387 715 -8.630953684900156
658 590 6.254210224399646
590 658 6.254210224399646
369 585 -2.4142543907942997
585 369 -2.4142543907942997
247 381 3.593524744997353
381 247 3.593524744997353
525 308 -3.802338027021996
308 525 -3.802338027021996
943 868 -6.090382204798361
868 943 -6.090382204798361
855 401 -8.267706298483867
401 855 -8.267706298483867
199 163 6.9209011955815
163 199 6.9209011955815
56 646 -8.626125007576615
646 56 -8.626125007576615
866 734 0.20239141443743236
734 866 0.20239141443743236
235 540 1.0647153317768563
540 235 1.0647153317768563
555 270 1.0659516755089022
270 555 1.0659516755089022
143 315 4.977672037810645
315 143 4.977672037810645
733 870 -2.0933499129454187
870 733 -2.0933499129454187
733 797 3.000201958484233
797 733 3.000201958484233
672 984 -8.213278055199735
984 672 -8.213278055199735
360 54 -5.44459651654654
54 360 -5.44459651654654
808 585 4.254030777955682
585 808 4.254030777955682
319 899 -2.679485354097566
899 319 -2.679485354097566
136 572 -0.07025884833878848
572 136 -0.07025884833878848
803 852 -3.455236577982264
852 803 -3.455236577982264
511 225 -2.655297497720359
225 511 -2.655297497720359
249 1 9.79688168183139
1 249 9.79688168183139
882 41 7.142516993535569
41 882 7.142516993535569
873 39 8.8905432077525
39 873 8.8905432077525
597 418 5.46285811455558
418 597 5.46285811455558
152 321 -0.41817671500947107
321 152 -0.41817671500947107
257 49 2.9047870245105294
49 257 2.9047870245105294
694 316 8.401262450040129
316 694 8.401262450040129
3 525 -3.854148880481736
525 3 -3.854148880481736
216 464 4.956110449053096
464 216 4.956110449053096
310 181 -5.573289297929811
181 310 -5.573289297929811
895 748 -2.5933660811639614
748 895 -2.5933660811639614
154 670 -1.5884006158108317
670 154 -1.5884006158108317
584 45 -1.270070447138501
45 584 -1.270070447138501
494 708 -6.284850556936843
708 494 -6.284850556936843
807 432 -9.995284131195767
432 807 -9.995284131195767
897 786 3.707714476099138
786 897 3.707714476099138
916 173 7.126111923297092
173 916 7.126111923297092
455 513 -8.810547471800916
513 455 -8.810547471800916
414 806 -2.7216824369100063
806 414 -2.7216824369100063
308 496 -2.1944583532482476
496 308 -2.1944583532482476
747 301 -7.483642498391594
301 747 -7.483642498391594
524 669 0.7063079449198177
669 524 0.7063079449198177
448 811 1.8684714427074525
811 448 1.8684714427074525
887 314 -1.6605742847059464
314 887 -1.6605742847059464
101 416 9.986320265243677
416 101 9.986320265243677
518 734 -2.4334754148910553
734 518 -2.4334754148910553
355 912 -2.366854626184425
912 355 -2.366854626184425
965 883 -5.9110936729853165
883 965 -5.9110936729853165
502 128 9.026204202935862
128 502 9.026204202935862
49 152 9.210263736498192
152 49 9.210263736498192
997 974 1.4739058460533183
974 997 1.4739058460533183
523 498 2.191029357952175
498 523 2.191029357952175
44 330 4.503790131189415
330 44 4.503790131189415
241 257 -2.226656211958648
257 241 -2.226656211958648
877 965 4.7397337985047745
965 877 4.7397337985047745
478 802 -3.3399344116212433
802 478 -3.3399344116212433
460 478 -6.461343147159308
478 460 -6.461343147159308
400 390 -6.835135533594386
390 400 -6.835135533594386
839 542 -9.709798241891113
542 839 -9.709798241891113
105 886 1.271500246431625
886 105 1.271500246431625
798 213 -1.9884751875101614
213 798 -1.9884751875101614
19 605 4.071682913469431
605 19 4.071682913469431
180 58 -7.34564222989232
58 180 -7.34564222989232
496 857 -2.810987882574767
857 496 -2.810987882574767
47 805 4.885952823218245
805 47 4.885952823218245
728 534 -8.736182934996204
534 728 -8.736182934996204
300 179 3.251951424008242
179 300 3.251951424008242
351 403 2.006357896737793
403 351 2.006357896737793
147 164 4.084297387872839
164 147 4.084297387872839
270 3 2.532063004328924
3 270 2.532063004328924
521 901 -1.4875207830173824
901 521 -1.4875207830173824
417 524 5.356880909390663
524 417 5.356880909390663
749 208 -3.2431234591413993
208 749 -3.2431234591413993
588 538 3.394064841141498
538 588 3.394064841141498
700 218 4.101132859074729
218 700 4.101132859074729
419 273 -0.28649070383061215
273 419 -0.28649070383061215
34 512 -3.03622993524926
512 34 -3.03622993524926
730 407 -9.996680696358023
407 730 -9.996680696358023
616 774 6.90704330405967
774 616 6.90704330405967
537 67 -6.958374446221319
67 537 -6.958374446221319
719 77 5.861835874725347
77 719 5.861835874725347
956 133 4.3376945326440115
133 956 4.3376945326440115
562 325 9.700643611362395
325 562 9.700643611362395
355 935 -1.4787252433712155
935 355 -1.4787252433712155
267 116 -5.387169535314391
116 267 -5.387169535314391
485 804 -8.187744853118986
804 485 -8.187744853118986
768 4 -9.952787930504531
4 768 -9.952787930504531
600 950 -6.6354807529635345
950 600 -6.6354807529635345
241 268 3.81734539650642
268 241 3.81734539650642
392 141 -1.6674533757802799
141 392 -1.6674533757802799
554 247 0.6164747527793644
247 554 0.6164747527793644
33 411 7.6294894262649535
411 33 7.6294894262649535
664 675 -0.988567439519981
675 664 -0.988567439519981
266 875 -5.552516170089095
875 266 -5.552516170089095
688 33 6.600330585431912
33 688 6.600330585431912
114 135 0.18431954196728206
135 114 0.18431954196728206
999 644 9.368665709571566
644 999 9.368665709571566
588 22 6.549633008146159
22 588 6.549633008146159
289 48 -7.158786068989298
48 289 -7.158786068989298
719 63 -7.915699272424634
63 719 -7.915699272424634
772 853 3.285075812615732
853 772 3.285075812615732
137 826 7.313706294315708
826 137 7.313706294315708
949 824 2.184257244351693
824 949 2.184257244351693
977 685 -0.3446026565320821
685 977 -0.3446026565320821
283 601 -9.887762030345314
601 283 -9.887762030345314
471 486 1.4579752333787521
486 471 1.4579752333787521
122 966 1.4326288926683155
966 122 1.4326288926683155
936 798 8.621099528861365
798 936 8.621099528861365
278 460 4.222714503413137
460 278 4.222714503413137
434 871 9.583413975322259
871 434 9.583413975322259
523 250 8.817786168904409
250 523 8.817786168904409
17 163 -6.136115552323385
163 17 -6.136115552323385
444 133 4.5385639238641104
133 444 4.5385639238641104
713 986 -5.84210956219005
986 713 -5.84210956219005
373 814 -7.257330538192268
814 373 -7.257330538192268
126 845 3.4906441420196614
845 126 3.4906441420196614
250 32 -5.438890417980091
32 250 -5.438890417980091
221 936 -6.026445267512792
936 221 -6.026445267512792
375 124 8.352719456189593
124 375 8.352719456189593
250 932 2.273769902640579
932 250 2.273769902640579
197 153 2.5052887404626194
153 197 2.5052887404626194
749 647 -4.31214525795848
647 749 -4.31214525795848
646 889 -4.141202112071685
889 646 -4.141202112071685
601 813 4.658731182596661
813 601 4.658731182596661
513 457 4.035431834280585
457 513 4.035431834280585
402 106 2.251993735747673
106 402 2.251993735747673
177 942 2.1069790127831958
942 177 2.1069790127831958
249 456 -1.0142258582191346
456 249 -1.0142258582191346
386 524 -6.439138885185594
524 386 -6.439138885185594
430 72 0.9393220143653913
72 430 0.9393220143653913
